0 0.3561125992063492 0.21296664186507935 0.02397850529100537 0.014581597222222242
0 0.6749646164021165 0.21442485119047616 0.02916335978835982 0.017498015873015887
0 0.33888492063492065 0.2838162202380953 0.016954365079365097 0.009892361111111081
0 0.33542476851851855 0.30002008928571433 0.016954695767195826 0.012715773809523767
0 0.3447670304232804 0.33427517361111114 0.019722552910052926 0.014791914682539653
0 0.6743430886243386 0.39707638888888885 0.0228369708994709 0.01219692460317462
0 0.6641359126984127 0.4109600694444444 0.020414682539682483 0.012456349206349249
0 0.6445861441798941 0.4162798859126984 0.015916335978836016 0.012716021825396828
0 0.6565234788359788 0.42911383928571434 0.014186507936507997 0.014792162698412714
0 0.6672498346560847 0.4326171875 0.011418320105820112 0.0093425099206349
0 0.6807443783068783 0.4247022569444444 0.011418650793650675 0.01167782738095241
0 0.6625787037037036 0.45324813988095236 0.017992724867724852 0.008044890873015853
0 0.6606755952380953 0.4966568700396825 0.020414682539682483 0.010120783730158678
0 0.6483921957671958 0.5088065476190476 0.017992724867724963 0.013235119047618982
0 0.33438673941798935 0.5366329365079365 0.009342261904761895 0.010380456349206368
0 0.3264285714285714 0.5441116071428572 0.010034391534391507 0.010899305555555516
0 0.3634517195767196 0.5509885912698413 0.011418650793650786 0.011158730158730035
0 0.32348743386243384 0.5591438492063492 0.020760582010582007 0.010044146825396782
0 0.3523794642857143 0.5616535218253969 0.015570436507936491 0.012196924603174564
0 0.3222762896825397 0.5718922371031746 0.019030753968253933 0.008044890873015964
0 0.3361167328042328 0.5803174603174603 0.014186507936507942 0.00936011904761902
0 0.32089236111111114 0.583959449404762 0.023182870370370368 0.012975446428571513
0 0.3530714285714286 0.597194320436508 0.023875000000000035 0.014532490079364968
0 0.3461512896825397 0.5729303075396825 0.011418320105820112 0.011678075396825305
0 0.641472056878307 0.6088722718253968 0.01730059523809524 0.012456349206349193
0 0.6364550264550265 0.5931719990079365 0.01833862433862432 0.011677827380952355