0 0.2606134719710669 0.003712797619047619 0.011767631103074161 0.007425595238095238
0 0.25907820976491863 0.015986359126984127 0.00972061482820974 0.0058943452380952385
0 0.2613806509945751 0.051543898809523814 0.014325497287522582 0.010002480158730155
0 0.31842676311030743 0.0798420138888889 0.014837251356238701 0.014034226190476187
0 0.32200858951175404 0.09794618055555555 0.01893037974683548 0.011508432539682534
0 0.38621790235081377 0.24280481150793648 0.0214882459312839 0.010946924603174618
0 0.2810782097649186 0.23957688492063495 0.024046112115732432 0.008420634920634912
0 0.26982233273056055 0.613921130952381 0.011767631103074105 0.011507936507936467
0 0.4880316455696202 0.6469015376984126 0.0214882459312839 0.013472718253968119
0 0.5767988245931284 0.667110863095238 0.018930379746835424 0.014034226190476118
0 0.2966830922242315 0.7809538690476191 0.027628390596745045 0.014314484126984217