0 0.3655410052910053 0.0196687748015873 0.02129298941798935 0.013224950396825396
0 0.32694725529100527 0.06084077380952381 0.010646494708994703 0.008733630952380951
0 0.3334350198412699 0.06870089285714286 0.016302579365079395 0.011977182539682552
0 0.34038111772486773 0.11726798115079365 0.00906448412698413 0.00798487103174604
0 0.5651630291005291 0.14209598214285712 0.013973544973544971 0.009731646825396817
0 0.3522326388888889 0.12654588293650795 0.010646494708994703 0.015470734126984145
0 0.36770337301587297 0.18391455853174604 0.01497156084656076 0.013973462301587303
0 0.3876656746031746 0.18478794642857144 0.014971560846560872 0.011727678571428563
0 0.4796580687830688 0.1791734871031746 0.014638888888888812 0.007984871031746
0 0.33143882275132275 0.3007842261904762 0.01297552910052907 0.010480158730158784
0 0.32844444444444443 0.31737785218253967 0.01097949735449738 0.012725942460317496
0 0.34025545634920634 0.31525682043650793 0.011977182539682496 0.009481894841269822
0 0.3425843253968254 0.33110181051587295 0.013308201058201075 0.013224950396825419
0 0.3474085648148148 0.34657254464285714 0.012975198412698452 0.008733382936507939
0 0.32278852513227513 0.32723412698412696 0.015637235449735387 0.010979166666666651
0 0.3667053571428571 0.35143836805555556 0.01563690476190477 0.006487847222222176
0 0.6114087301587301 0.3046519097222222 0.015304232804232876 0.009731398809523784