0 0.31221858465608465 0.15646899801587302 0.3149864417989418 0.15828546626984127 0.3181005291005291 0.15646899801587302 0.32052281746031747 0.15465252976190474 0.31844675925925925 0.15075992063492064 0.3149864417989418 0.14764558531746033 0.31325661375661373 0.1463482142857143 0.30702810846560846 0.14531001984126984 0.3046061507936508 0.14608854166666665 0.3046061507936508 0.14894320436507935 0.3059900793650793 0.1525763888888889 0.3056441798941799 0.15361433531746033 0.30875826719576716 0.15465252976190474 0.31221858465608465 0.15646899801587302
0 0.4585813492063492 0.29917509920634916 0.4616954365079365 0.3015106646825397 0.4644636243386243 0.30099181547619047 0.46861574074074075 0.29865625 0.46723148148148147 0.29502306547619045 0.4651554232804233 0.29424454365079367 0.46100330687830693 0.29450396825396824 0.4578892195767196 0.29735863095238096 0.4574900793650794 0.29857663690476194 0.4585813492063492 0.29917509920634916
0 0.3461001984126984 0.3546480654761905 0.34540806878306873 0.3523125 0.3398716931216931 0.3510148809523809 0.3360658068783069 0.3510148809523809 0.3339897486772487 0.35335044642857144 0.3329517195767196 0.3567242063492063 0.33225958994709 0.36009771825396825 0.3346815476190476 0.36295238095238097 0.33744973544973544 0.36295238095238097 0.3416018518518518 0.3613953373015873 0.3443700396825397 0.35905977182539683 0.3461001984126984 0.3546480654761905
0 0.3018105158730159 0.4337983630952381 0.2993885582010582 0.4374312996031746 0.3018105158730159 0.4410644841269841 0.30596263227513226 0.44210243055555554 0.312537037037037 0.4397668650793651 0.31876521164021165 0.4395074404761905 0.31980324074074074 0.4356148313492063 0.3191111111111111 0.4335386904761905 0.3128829365079365 0.4319816468253968 0.3121908068783069 0.4314627976190476 0.3052708333333333 0.43224131944444444 0.3018105158730159 0.4337983630952381
0 0.40457605820105824 0.4143350694444444 0.407344246031746 0.41718973214285715 0.41045833333333337 0.4156326884920635 0.4125343915343915 0.4143350694444444 0.4153022486772487 0.41251860119047623 0.41634027777777777 0.4096639384920635 0.4149563492063492 0.407328373015873 0.4101121031746032 0.407328373015873 0.407344246031746 0.4075877976190476 0.4052681878306878 0.41199950396825397 0.40457605820105824 0.4143350694444444
0 0.6201412037037037 0.37073759920634924 0.6246392195767196 0.3720352182539683 0.6277533068783069 0.370218501984127 0.6287916666666666 0.3678829365079365 0.6287916666666666 0.3652879464285714 0.6274074074074074 0.3624332837301587 0.6242933201058202 0.3608762400793651 0.6211792328042328 0.3613953373015873 0.6190462962962964 0.3650106646825397 0.6187572751322752 0.3678829365079365 0.6201412037037037 0.37073759920634924
0 0.6218713624338624 0.3839724702380952 0.6191031746031745 0.3839724702380952 0.6166812169312169 0.3850106646825397 0.6173730158730159 0.3876056547619048 0.619449074074074 0.3891626984126984 0.6215251322751323 0.39227678571428576 0.6263693783068783 0.3927958829365079 0.6291375661375661 0.3891626984126984 0.6260234788359789 0.38734623015873015 0.6240790343915343 0.38501661706349205 0.6218713624338624 0.3839724702380952
0 0.6069927248677249 0.4223563988095238 0.6066468253968254 0.4239134424603175 0.6090687830687831 0.42728695436507935 0.6125291005291005 0.42728695436507935 0.6191031746031745 0.42469196428571426 0.6218713624338624 0.4200205853174603 0.618411044973545 0.4182041170634921 0.6149510582010582 0.41794469246031746 0.6090687830687831 0.41950173611111113 0.6069927248677249 0.4223563988095238
0 0.39315773809523813 0.4381862599206349 0.39246560846560846 0.44026240079365075 0.39246560846560846 0.44259796626984127 0.39800165343915345 0.44519295634920636 0.39973181216931214 0.4436359126984127 0.4031917989417989 0.4423385416666667 0.40630621693121693 0.43922445436507934 0.40492195767195766 0.43611011904761904 0.40111574074074074 0.434812748015873 0.3983478835978836 0.4355912698412699 0.39488756613756615 0.43611011904761904 0.39315773809523813 0.4381862599206349
0 0.39730985449735445 0.45168080357142854 0.39592559523809523 0.4555734126984127 0.3986937830687831 0.4558328373015873 0.40180787037037036 0.4555734126984127 0.40457605820105824 0.4532378472222222 0.4056140873015873 0.45142113095238096 0.4059599867724868 0.4475285218253968 0.40422982804232804 0.4457120535714286 0.40111574074074074 0.445452628968254 0.39860548941798946 0.44767609126984126 0.3983478835978836 0.44908556547619044 0.39730985449735445 0.45168080357142854
0 0.32430125661375664 0.5139392361111111 0.3263773148148148 0.5165342261904763 0.32983763227513224 0.5154962797619048 0.33225958994709 0.5116036706349206 0.3326054894179894 0.5079704861111112 0.3308756613756614 0.5061540178571429 0.32810747354497355 0.5061540178571429 0.3263773148148148 0.5066731150793651 0.3236094576719577 0.5090086805555555 0.3226084656084656 0.5099580853174602 0.32430125661375664 0.5139392361111111
0 0.3201491402116402 0.5334022817460318 0.3170350529100529 0.5375545634920635 0.3173809523809524 0.5393710317460317 0.3191111111111111 0.5417065972222223 0.3215330687830688 0.5437827380952381 0.32499338624338625 0.5440421626984127 0.32879960317460316 0.5422256944444445 0.3277615740740741 0.5388521825396826 0.3263773148148148 0.5365166170634921 0.3246474867724868 0.5341810515873017 0.3222251984126984 0.5328834325396825 0.3201491402116402 0.5334022817460318
0 0.3056167328042328 0.5344404761904762 0.3031947751322751 0.5341810515873017 0.3014646164021164 0.5344404761904762 0.29904232804232805 0.5359975198412698 0.29973445767195767 0.5391116071428571 0.3025026455026455 0.539890128968254 0.3056167328042328 0.541187748015873 0.3080386904761905 0.5422256944444445 0.3108068783068783 0.5427447916666667 0.31322883597883594 0.5406686507936508 0.3121908068783069 0.5391116071428571 0.3083849206349206 0.5359975198412698 0.3056167328042328 0.5344404761904762
0 0.3111527777777778 0.5435233134920635 0.3083849206349206 0.5450803571428572 0.30734689153439154 0.54715625 0.30976884920634923 0.5513085317460318 0.3118449074074074 0.5520870535714285 0.3173809523809524 0.5513085317460318 0.3177271825396825 0.5489729662698413 0.31668915343915344 0.5458588789682539 0.3146130952380952 0.5437827380952381 0.3111527777777778 0.5435233134920635
0 0.2983505291005291 0.5515679563492063 0.29973445767195767 0.5541631944444444 0.3031947751322751 0.5554605654761905 0.30734689153439154 0.5546820436507937 0.3087308201058201 0.5536440972222223 0.3087308201058201 0.5520870535714285 0.3080386904761905 0.5489729662698413 0.30596263227513226 0.5479347718253968 0.3014646164021164 0.5489729662698413 0.29945734126984125 0.549969742063492 0.2983505291005291 0.5515679563492063
0 0.3277615740740741 0.5430042162698413 0.32741534391534394 0.5458588789682539 0.3308756613756614 0.5494920634920635 0.3357195767195767 0.5479347718253968 0.33675760582010583 0.5463777281746032 0.3377956349206349 0.5417065972222223 0.33744973544973544 0.5401495535714286 0.3329517195767196 0.5385925099206349 0.33122156084656085 0.5393710317460317 0.3294914021164021 0.5401495535714286 0.3281448412698412 0.5397780257936509 0.3277615740740741 0.5430042162698413
0 0.3381418650793651 0.5523464781746033 0.3440241402116402 0.5526061507936508 0.3481762566137566 0.5481944444444445 0.3467919973544974 0.5453397817460317 0.3461001984126984 0.5419662698412698 0.3422939814814815 0.541187748015873 0.3398716931216931 0.5450803571428572 0.3391798941798942 0.5468968253968255 0.3367007275132275 0.5488373015873015 0.3381418650793651 0.5523464781746033
0 0.31668088624338625 0.5589193948412698 0.31831712962962966 0.5610233134920635 0.3206547619047619 0.562250496031746 0.32322585978835977 0.5618998015873016 0.3253296957671958 0.5615491071428572 0.32603108465608466 0.5592700892857142 0.3257972883597884 0.5566403769841269 0.324161044973545 0.5547118055555555 0.32205720899470897 0.5531339285714285 0.3194857804232804 0.5531339285714285 0.3173822751322751 0.5534846230158731 0.3162040343915344 0.5548871527777778 0.31621329365079365 0.5552378472222222 0.31668088624338625 0.5589193948412698
0 0.3087331349206349 0.5557636408730159 0.30639583333333337 0.555938988095238 0.30522685185185183 0.558218253968254 0.30546064814814816 0.5610233134920635 0.3070968915343915 0.5629516369047619 0.3101359126984127 0.5641788194444444 0.31200595238095236 0.5648802083333334 0.31527843915343917 0.5647048611111111 0.3159794973544974 0.5627762896825397 0.31551223544973545 0.5613737599206349 0.31317460317460316 0.5590947420634921 0.3110707671957672 0.5573415178571428 0.30940410052910056 0.556672123015873 0.3087331349206349 0.5557636408730159
0 0.30779828042328045 0.566983878968254 0.3084996693121693 0.5703149801587302 0.310369708994709 0.5720679563492064 0.3124732142857143 0.5729446924603174 0.31644708994709 0.5729446924603174 0.31855092592592593 0.5715421626984127 0.31831712962962966 0.5699642857142857 0.31668088624338625 0.5683864087301587 0.31340839947089943 0.5671592261904762 0.3107638888888889 0.5668722718253968 0.30779828042328045 0.566983878968254
0 0.3157460317460318 0.5757497519841269 0.31551223544973545 0.576626240079365 0.31527843915343917 0.5803077876984127 0.31855092592592593 0.5827621527777778 0.3215896164021164 0.5829375 0.32603108465608466 0.5804831349206349 0.32696593915343913 0.5789052579365079 0.32860218253968254 0.5743472222222222 0.3257972883597884 0.5727693452380952 0.3229920634920635 0.5713668154761905 0.319953373015873 0.5711914682539683 0.31784953703703706 0.5724186507936508 0.31621329365079365 0.5734704861111112 0.3157460317460318 0.5757497519841269
0 0.29611078042328043 0.599719990079365 0.29494179894179895 0.600421130952381 0.29540939153439155 0.6034015376984126 0.29681183862433863 0.6067326388888888 0.3000843253968254 0.6065572916666667 0.30779828042328045 0.6051547619047619 0.3084996693121693 0.6011225198412699 0.30639583333333337 0.599719990079365 0.3035906084656085 0.600421130952381 0.3017205687830688 0.599719990079365 0.2979804894179894 0.5995446428571428 0.29611078042328043 0.599719990079365
0 0.31434325396825397 0.6000706845238095 0.31317460317460316 0.6011225198412699 0.3124732142857143 0.6030508432539683 0.31340839947089943 0.605330109126984 0.31644708994709 0.6072584325396825 0.3187847222222222 0.6079598214285714 0.3250958994708995 0.6084856150793652 0.327667328042328 0.6065572916666667 0.32719973544973546 0.6046287202380952 0.3250958994708995 0.6027003968253969 0.3227585978835979 0.6021743551587302 0.3201871693121693 0.6009471726190475 0.31784953703703706 0.599719990079365 0.31434325396825397 0.6000706845238095
0 0.2993832671957672 0.6081351686507938 0.2972794312169312 0.6083102678571428 0.29540939153439155 0.6095374503968255 0.29377314814814814 0.6128685515873016 0.2951755952380952 0.6146217757936508 0.2982142857142857 0.6160243055555555 0.3003181216931217 0.6160243055555555 0.30335681216931215 0.6161996527777778 0.30826587301587305 0.6160243055555555 0.3094345238095238 0.6130438988095238 0.3075644841269841 0.6112906746031747 0.30382440476190475 0.6095374503968255 0.30125330687830687 0.6086609623015873 0.2993832671957672 0.6081351686507938
0 0.3019543650793651 0.6177772817460317 0.30078571428571427 0.6197058531746031 0.3021881613756614 0.6216341765873016 0.30662962962962964 0.6232120535714286 0.31340839947089943 0.6230367063492063 0.31527843915343917 0.621984871031746 0.3159794973544974 0.618829365079365 0.31364219576719576 0.617251488095238 0.3108369708994709 0.616374751984127 0.3075644841269841 0.6160243055555555 0.3043039021164021 0.6173630952380953 0.3019543650793651 0.6177772817460317
0 0.31387599206349204 0.6223355654761905 0.31527843915343917 0.6249652777777778 0.3194857804232804 0.6263678075396825 0.3236934523809524 0.6247899305555555 0.32626488095238093 0.6212837301587302 0.32649867724867726 0.6184786706349207 0.3253296957671958 0.6161996527777778 0.3225248015873016 0.6154982638888888 0.3204209656084656 0.6153229166666666 0.31621329365079365 0.616374751984127 0.31457705026455024 0.6177772817460317 0.31314417989417986 0.620423115079365 0.31387599206349204 0.6223355654761905
0 0.3342123015873016 0.6223355654761905 0.3332774470899471 0.6230367063492063 0.3323422619047619 0.6249652777777778 0.333744708994709 0.6286468253968255 0.33841997354497355 0.6286468253968255 0.34029001322751323 0.6274196428571428 0.34262731481481484 0.6254913194444445 0.34473115079365085 0.6232120535714286 0.345666335978836 0.6211083829365079 0.34473115079365085 0.6181279761904762 0.3423938492063492 0.617251488095238 0.34075760582010584 0.6169007936507936 0.33795238095238095 0.6169007936507936 0.33631613756613754 0.617251488095238 0.3339785052910053 0.6191798115079364 0.3335112433862434 0.6209330357142857 0.3342123015873016 0.6223355654761905
0 0.2965780423280423 0.6374126984126983 0.29681183862433863 0.6388152281746031 0.298448082010582 0.6412695932539683 0.3019543650793651 0.642672123015873 0.30475958994708996 0.642672123015873 0.3075644841269841 0.6417953869047619 0.3096683201058201 0.6395163690476191 0.3092007275132275 0.637062003968254 0.3092007275132275 0.6342569444444445 0.3087331349206349 0.6325037202380953 0.30546064814814816 0.6305753968253969 0.3024219576719577 0.6305753968253969 0.3010195105820106 0.6309260912698412 0.2993832671957672 0.6340815972222222 0.29920403439153437 0.635468253968254 0.2965780423280423 0.6374126984126983
0 0.31340839947089943 0.6639806547619048 0.3117721560846561 0.6660845734126983 0.3115383597883598 0.6678377976190477 0.31200595238095236 0.6692403273809524 0.31457705026455024 0.6704675099206349 0.31831712962962966 0.6702921626984126 0.3213558201058201 0.6709933035714286 0.32556349206349205 0.6702921626984126 0.327667328042328 0.6678377976190477 0.32626488095238093 0.6652080853174603 0.3248621031746032 0.6639806547619048 0.3222910052910053 0.6629288194444445 0.3201871693121693 0.6632795138888888 0.31855092592592593 0.6632795138888888 0.3157460317460318 0.6629288194444445 0.31340839947089943 0.6639806547619048
0 0.3835343915343915 0.9388583829365079 0.38680687830687827 0.9407869543650794 0.3893779761904762 0.9420141369047619 0.3919494047619048 0.9432413194444444 0.3954556878306878 0.9430659722222222 0.39615707671957673 0.9402609126984127 0.3954556878306878 0.938157242063492 0.39428703703703705 0.9364040178571429 0.3928842592592593 0.934125 0.3912480158730159 0.9328975694444445 0.3893779761904762 0.9320210813492064 0.3877417328042328 0.9321964285714286 0.3854044312169312 0.934125 0.38488492063492064 0.9368821924603175 0.3835343915343915 0.9388583829365079
0 0.6102533068783068 0.478609375 0.6100198412698413 0.4765054563492063 0.6079160052910053 0.47545362103174604 0.6025396825396825 0.4751029265873016 0.599968253968254 0.4745771329365079 0.5966957671957671 0.47527827380952375 0.5957609126984127 0.4773821924603175 0.5971633597883598 0.4798365575396825 0.6011372354497354 0.48001190476190475 0.605578373015873 0.48088839285714285 0.6086170634920636 0.480187251984127 0.6102533068783068 0.478609375
0 0.607682208994709 0.48351810515873017 0.6051107804232805 0.4840441468253968 0.603474537037037 0.48614781746031743 0.6037083333333333 0.4879010416666667 0.6060459656084656 0.4907061011904762 0.6097860449735449 0.49210863095238094 0.6137595899470899 0.49210863095238094 0.6160972222222222 0.49140724206349207 0.6184348544973545 0.4891282242063492 0.6163310185185186 0.48702430555555554 0.613292328042328 0.4852713293650794 0.6102533068783068 0.48421949404761905 0.607682208994709 0.48351810515873017
0 0.5927218915343916 0.4940369543650794 0.5924880952380952 0.4959655257936508 0.5945919312169312 0.49841989087301586 0.5966957671957671 0.4978938492063492 0.5987996031746031 0.49666666666666665 0.6011372354497354 0.49386160714285715 0.603474537037037 0.49123189484126983 0.6027734788359789 0.4886021825396826 0.5992671957671958 0.4880763888888889 0.596461970899471 0.4886021825396826 0.5941243386243387 0.4903554067460318 0.5926276455026455 0.49266641865079364 0.5927218915343916 0.4940369543650794
0 0.6025396825396825 0.4957901785714286 0.6009034391534391 0.4975434027777778 0.6020720899470899 0.49999776785714284 0.6044097222222222 0.5001731150793651 0.6095522486772487 0.500874255952381 0.6142271825396826 0.5010496031746031 0.6158634259259259 0.4982445436507937 0.613292328042328 0.4968420138888889 0.6109546957671957 0.4957901785714286 0.6069808201058201 0.4952641369047619 0.6046435185185185 0.494562996031746 0.6025396825396825 0.4957901785714286
0 0.5971633597883598 0.5015756448412698 0.5959943783068783 0.5022767857142857 0.5943581349206349 0.5042053571428571 0.5941243386243387 0.5061336805555555 0.5980982142857143 0.5077115575396826 0.5997344576719577 0.5084129464285714 0.6032407407407407 0.5089387400793651 0.6074484126984127 0.5087633928571428 0.6081498015873016 0.5045558035714286 0.6069808201058201 0.5026274801587302 0.6032407407407407 0.5012249503968255 0.5990333994708995 0.5014002976190476 0.5971633597883598 0.5015756448412698
0 0.5878131613756614 0.5061336805555555 0.5845406746031746 0.504030009920635 0.5810343915343915 0.5050818452380953 0.5800992063492063 0.5078869047619048 0.580566798941799 0.5101659226190476 0.581969246031746 0.512094494047619 0.5843068783068783 0.5140228174603174 0.5859431216931217 0.5147242063492063 0.5885145502645502 0.5150749007936508 0.5906180555555556 0.51525 0.593890873015873 0.5150749007936508 0.5950595238095239 0.5122698412698413 0.5950595238095239 0.510516617063492 0.5917870370370371 0.508062251984127 0.589683201058201 0.5068350694444445 0.5878131613756614 0.5061336805555555
0 0.5931894841269841 0.515266121031746 0.5929556878306879 0.5166686507936508 0.5931894841269841 0.5192983630952381 0.5941243386243387 0.5208759920634921 0.596461970899471 0.5228045634920635 0.598565806878307 0.523155257936508 0.603474537037037 0.5226292162698413 0.6046435185185185 0.5198241567460318 0.6037083333333333 0.517545138888889 0.6020720899470899 0.5159672619047619 0.5992671957671958 0.5143893849206349 0.5969295634920635 0.5138635912698413 0.5957609126984127 0.5138635912698413 0.5931894841269841 0.515266121031746
0 0.6177334656084656 0.5221830357142857 0.6205386904761905 0.5220076884920635 0.6226421957671957 0.5207805059523809 0.6228759920634921 0.5181507936507938 0.6212397486772486 0.5167482638888888 0.617265873015873 0.5148196924603174 0.613292328042328 0.5142938988095238 0.6097860449735449 0.5141185515873016 0.6086170634920636 0.5155210813492064 0.6102533068783068 0.5188519345238095 0.6107208994708995 0.5206051587301587 0.6137595899470899 0.5213065476190476 0.6177334656084656 0.5221830357142857
0 0.6032407407407407 0.5260399305555555 0.6025396825396825 0.5276178075396826 0.6030069444444445 0.5297214781746031 0.6048769841269841 0.5314747023809524 0.6086170634920636 0.5314747023809524 0.6139933862433862 0.5305982142857143 0.6170324074074074 0.5281436011904762 0.6191359126984127 0.5258645833333333 0.6186686507936509 0.5237609126984127 0.6163310185185186 0.5223583829365079 0.6130585317460318 0.521656994047619 0.6090846560846561 0.5218323412698412 0.6051107804232805 0.5237609126984127 0.6032407407407407 0.5260399305555555
0 0.6135261243386244 0.5431569940476191 0.615396164021164 0.5440334821428572 0.6184348544973545 0.5435076884920634 0.6212397486772486 0.542280505952381 0.6226421957671957 0.5405272817460317 0.6221749338624339 0.5385989583333333 0.6210059523809524 0.535968998015873 0.6196035052910053 0.5342160218253967 0.6163310185185186 0.5331641865079365 0.6128247354497355 0.5333392857142857 0.611188492063492 0.5356185515873017 0.611188492063492 0.5364950396825398 0.6109546957671957 0.5389494047619048 0.6121233465608465 0.541579117063492 0.6135261243386244 0.5431569940476191
0 0.6006696428571429 0.551875 0.5980982142857143 0.5538033234126984 0.597397156084656 0.5557318948412698 0.6009034391534391 0.5585369543650794 0.603474537037037 0.5583616071428571 0.6079160052910053 0.5564330357142857 0.6114222883597884 0.5545047123015873 0.6128247354497355 0.5511736111111111 0.6107208994708995 0.5497710813492064 0.6074484126984127 0.5490699404761904 0.603474537037037 0.5497710813492064 0.6013707010582011 0.5506478174603174 0.6006696428571429 0.551875
0 0.5910856481481481 0.5506478174603174 0.5871117724867725 0.550297123015873 0.5850082671957673 0.5520503472222222 0.5850082671957673 0.5557318948412698 0.5866445105820105 0.5578355654761905 0.5887480158730158 0.5587123015873016 0.5924880952380952 0.5599394841269841 0.597864417989418 0.5604652777777778 0.5992671957671958 0.5580109126984127 0.597397156084656 0.5555565476190476 0.5948257275132275 0.5539786706349206 0.5910856481481481 0.5520503472222222 0.5910856481481481 0.5506478174603174
0 0.6282523148148148 0.5567837301587302 0.631291335978836 0.5562579365079364 0.6331613756613756 0.5553812003968254 0.6340962301587302 0.5525761408730159 0.6326937830687831 0.5508231646825397 0.6273174603174604 0.5492452876984126 0.623577380952381 0.5488945932539683 0.6205386904761905 0.5499464285714286 0.6203048941798941 0.5531021825396826 0.6219411375661376 0.5559072420634921 0.6252136243386244 0.5564330357142857 0.6282523148148148 0.5567837301587302
0 0.6160972222222222 0.5550305059523809 0.615396164021164 0.5566083829365079 0.6156296296296296 0.5583616071428571 0.6174996693121693 0.560640625 0.6200710978835979 0.5615173611111112 0.6247460317460317 0.5618678075396826 0.627083664021164 0.5608159722222222 0.6282523148148148 0.5576602182539683 0.6249798280423281 0.5564330357142857 0.621473544973545 0.5553812003968254 0.617265873015873 0.5548554067460317 0.6160972222222222 0.5550305059523809
0 0.6090846560846561 0.5698048115079365 0.606279761904762 0.570155505952381 0.605578373015873 0.5715580357142857 0.606279761904762 0.5754149305555555 0.6090846560846561 0.5768174603174603 0.613292328042328 0.5764667658730158 0.6182010582010582 0.5752395833333334 0.6186686507936509 0.5712073412698413 0.6170324074074074 0.5698048115079365 0.613292328042328 0.5694541170634921 0.6114222883597884 0.5698048115079365 0.6090846560846561 0.5698048115079365
0 0.6123571428571428 0.5992259424603175 0.6116560846560847 0.6018556547619047 0.6130585317460318 0.6037839781746032 0.6156296296296296 0.6053618551587302 0.618902447089947 0.6065890376984127 0.621473544973545 0.6072904265873016 0.6254474206349206 0.6057125496031747 0.6245122354497354 0.6036086309523809 0.6233435846560846 0.6018556547619047 0.621473544973545 0.6008038194444444 0.6184348544973545 0.5997517361111111 0.6151623677248678 0.5979987599206349 0.6123571428571428 0.5992259424603175
0 0.6048769841269841 0.6022063492063492 0.6020720899470899 0.6037839781746032 0.6009034391534391 0.606063244047619 0.6013707010582011 0.6090434027777778 0.603474537037037 0.6113226686507937 0.6067470238095238 0.6120238095238095 0.6097860449735449 0.6118484623015873 0.6104871031746032 0.6109719742063492 0.6114222883597884 0.6090434027777778 0.6107208994708995 0.606764384920635 0.6081498015873016 0.6034335317460318 0.6069077380952381 0.6023177083333333 0.6048769841269841 0.6022063492063492
0 0.6284861111111111 0.9103777281746032 0.6256812169312169 0.9114295634920635 0.6252136243386244 0.9133581349206349 0.6252136243386244 0.9156371527777778 0.6273174603174604 0.9180915178571428 0.6298885582010582 0.9201954365079366 0.6362000661375661 0.9194940476190476 0.6371349206349206 0.9156371527777778 0.6362000661375661 0.9133581349206349 0.6338624338624338 0.9112542162698413 0.6308237433862435 0.9096763392857143 0.6284861111111111 0.9103777281746032