0 0.2547296564195298 0 0.255753164556962 0.006583333333333333 0.26086889692585896 0.007425595238095238 0.266497287522604 0.004337797619047619 0.26291591320072333 0.0018115079365079365 0.25882278481012655 0 0.2547296564195298 0
0 0.25421790235081376 0.017249503968253966 0.25882278481012655 0.018933531746031747 0.2639385171790235 0.016687996031746033 0.261380650994575 0.013880952380952381 0.26086889692585896 0.013039186507936508 0.2562640144665461 0.013039186507936508 0.25421790235081376 0.017249503968253966
0 0.2547296564195298 0.05093154761904762 0.26086889692585896 0.05654513888888889 0.26854339963833634 0.055141865079365075 0.26700813743218804 0.05037003968253968 0.26189240506329114 0.047563492063492065 0.2612088607594937 0.04654265873015873 0.25421790235081376 0.0472827380952381 0.2547296564195298 0.05093154761904762
0 0.31356690777576857 0.08433283730158729 0.32072965641952983 0.08685912698412698 0.3258453887884268 0.08349107142857143 0.3232875226039783 0.07703521825396825 0.3151012658227848 0.0728249007936508 0.31561301989150087 0.07535119047619047 0.3110081374321881 0.07871924603174603 0.31356690777576857 0.08433283730158729
0 0.3248227848101266 0.10173561507936507 0.3314737793851718 0.09808630952380952 0.3243110307414105 0.09219196428571429 0.32110420162748643 0.09244335664682539 0.31561301989150087 0.09527976190476191 0.31254339963833633 0.09864781746031746 0.31254339963833633 0.10370039682539682 0.3248227848101266 0.10173561507936507
0 0.3969620253164557 0.24771676587301586 0.3969620253164557 0.24238392857142857 0.39338065099457503 0.23789285714285713 0.38007866184448463 0.23733134920634918 0.3754737793851718 0.24041914682539683 0.376497287522604 0.24406795634920636 0.3826365280289331 0.2482782738095238 0.3969620253164557 0.24771676587301586
0 0.2690551537070524 0.24098065476190478 0.2757061482820976 0.24322619047619048 0.28491591320072335 0.2437872023809524 0.29310126582278484 0.24182242063492063 0.2874737793851718 0.2367703373015873 0.28338065099457505 0.23620882936507936 0.2787757685352622 0.23536656746031748 0.2690551537070524 0.23705109126984125 0.2690551537070524 0.24098065476190478
0 0.2639385171790235 0.6196750992063492 0.27263652802893307 0.6188328373015873 0.2757061482820976 0.612938492063492 0.27417179023508137 0.6106929563492063 0.27007866184448465 0.6081671626984128 0.2639385171790235 0.612376984126984 0.2639385171790235 0.6196750992063492
0 0.4772875226039783 0.6418492063492064 0.4772875226039783 0.6460595238095238 0.48240415913200724 0.6502698412698412 0.4931482820976492 0.6533571428571429 0.4987757685352622 0.6536378968253967 0.49775226039783005 0.6474627976190477 0.49110126582278485 0.6426909722222222 0.48956690777576856 0.6421299603174604 0.4839385171790235 0.6401651785714286 0.4772875226039783 0.6418492063492064
0 0.5673336347197107 0.6657073412698413 0.5765433996383363 0.6735664682539683 0.5831943942133816 0.6741279761904762 0.5862640144665461 0.6685143849206349 0.5816591320072333 0.6629002976190476 0.5755198915009041 0.66009375 0.5714267631103075 0.6614970238095238 0.5673336347197107 0.6657073412698413
0 0.2925895117540687 0.773796626984127 0.282868896925859 0.7791294642857143 0.28849728752260395 0.7839007936507937 0.29310126582278484 0.7855853174603175 0.29924141048824593 0.7881111111111112 0.310497287522604 0.7855853174603175 0.3084502712477396 0.780813492063492 0.305380650994575 0.7791294642857143 0.29668264014466544 0.7768839285714286 0.2925895117540687 0.773796626984127