0 0.25391808596918086 0 0.2517704785077048 0.0009330357142857143 0.2517704785077048 0.004873015873015873 0.2544549878345499 0.0075 0.26304541768045414 0.008485119047619049 0.26465531224655314 0.0035595238095238097 0.25660259529602597 0 0.25391808596918086 0
0 0.258213300892133 0.018335813492063494 0.26250851581508516 0.01472420634920635 0.2555287915652879 0.01144047619047619 0.24962287104622874 0.01144047619047619 0.25015977291159774 0.016693948412698414 0.25391808596918086 0.018664186507936508 0.258213300892133 0.018335813492063494
0 0.24908596918085968 0.051500496031746036 0.2523073803730738 0.05412748015873016 0.25982400648824006 0.055769345238095236 0.26572911597729115 0.0570828373015873 0.2705612327656123 0.05248561507936508 0.26465531224655314 0.04756001984126984 0.25499188969991887 0.04624652777777778 0.2506966747769667 0.04657490079365079 0.24908596918085968 0.051500496031746036
0 0.2979424168694242 0.07973958333333334 0.30223763179237634 0.08433680555555555 0.30868045417680456 0.08565029761904762 0.31404866180048663 0.0849935515873016 0.31780697485806975 0.07875446428571428 0.3081435523114355 0.07251537698412698 0.30653284671532843 0.073172123015873 0.3011638280616383 0.0748139880952381 0.2979424168694242 0.07973958333333334
0 0.30277453365774537 0.0964861111111111 0.29955312246553123 0.09976934523809523 0.3070697485806975 0.10173958333333333 0.31565936739659367 0.10141121031746031 0.32049148418491485 0.0984563492063492 0.3188807785888078 0.09418750000000001 0.30868045417680456 0.0922172619047619 0.30846309813463096 0.09218005952380953 0.3070697485806975 0.09418750000000001 0.30277453365774537 0.0964861111111111
0 0.3704217356042174 0.24956200396825398 0.3741800486618005 0.24989037698412697 0.37686455798864554 0.24660664682539682 0.3752538523925385 0.24168154761904762 0.3661265206812652 0.23839781746031746 0.36129440389294404 0.2390545634920635 0.36075750202757506 0.24365128968253968 0.3634420113544201 0.24693501984126986 0.3704217356042174 0.24956200396825398
0 0.28398377939983777 0.24233829365079365 0.2812992700729927 0.2367559523809524 0.2721719383617194 0.23478571428571426 0.2619716139497162 0.2367559523809524 0.2668029197080292 0.24168154761904762 0.26841362530413626 0.2443080357142857 0.2786147607461476 0.24496478174603173 0.28398377939983777 0.24233829365079365
0 0.46598702351987026 0.6553566468253968 0.47028142741281426 0.6514166666666668 0.46491321978913225 0.6468194444444445 0.45793349553933493 0.6438640873015873 0.45310137875101375 0.6438640873015873 0.4525644768856447 0.6501031746031746 0.4568596918085969 0.6530585317460318 0.46598702351987026 0.6553566468253968
0 0.26787672343876723 0.6225208333333333 0.2705612327656123 0.6189087301587302 0.2662660178426602 0.6120133928571428 0.26304541768045414 0.6120133928571428 0.25982400648824006 0.615296626984127 0.258750202757502 0.6172668650793651 0.26304541768045414 0.6215357142857143 0.26787672343876723 0.6225208333333333
0 0.5352449310624493 0.6684910714285714 0.5363179237631792 0.6701329365079365 0.5438345498783455 0.6717748015873016 0.5454452554744526 0.6675064484126983 0.5427607461476075 0.6632375992063492 0.5400762368207623 0.6619241071428572 0.5357818329278183 0.6638943452380953 0.5357818329278183 0.6658645833333333 0.5352449310624493 0.6684910714285714
0 0.2780778588807786 0.7758358134920635 0.27431954582319545 0.7784623015873017 0.27646715328467153 0.7804325396825397 0.2807623682076237 0.7840446428571428 0.294184103811841 0.787328373015873 0.2979424168694242 0.7827311507936509 0.29257339821573397 0.7801041666666667 0.28505758313057583 0.7781339285714286 0.2780778588807786 0.7758358134920635