0 0.33857804232804234 0.09847222222222222 0.34597321428571426 0.09934796626984127 0.3529791666666667 0.09993179563492063 0.3522007275132275 0.09672073412698413 0.3455839947089947 0.09146626984126983 0.33779960317460317 0.09000669642857143 0.33118287037037036 0.09292584325396826 0.33857804232804234 0.09847222222222222
0 0.4323789682539682 0.09146626984126983 0.4421094576719577 0.09146626984126983 0.438995701058201 0.08796329365079365 0.43818650793650793 0.0861937003968254 0.4331574074074074 0.08767137896825397 0.4323789682539682 0.09146626984126983
0 0.5082761243386243 0.07657886904761906 0.5152820767195767 0.07774652777777777 0.5148928571428572 0.07482738095238095 0.5110006613756614 0.0722001488095238 0.5123498677248677 0.06920957341269841 0.5059408068783069 0.07132440476190476 0.5082761243386243 0.07657886904761906
0 0.6086941137566138 0.08913095238095238 0.6032450396825396 0.0938015873015873 0.6063587962962963 0.09818030753968254 0.6125859788359789 0.09759647817460318 0.6227056878306878 0.0938015873015873 0.6184242724867725 0.09088244047619047 0.6125859788359789 0.08913095238095238 0.6086941137566138 0.08913095238095238
0 0.6324361772486773 0.11511111111111111 0.6371068121693122 0.11481919642857144 0.6355499338624339 0.10898090277777778 0.6316577380952381 0.10460243055555556 0.6277655423280424 0.10460243055555556 0.6265978835978836 0.11160813492063493 0.6324361772486773 0.11511111111111111
0 0.6009097222222223 0.11044047619047619 0.6059695767195767 0.11219196428571429 0.6125859788359789 0.11073239087301588 0.6149212962962963 0.10664583333333333 0.6129751984126984 0.10022371031746032 0.6063587962962963 0.10022371031746032 0.6044126984126984 0.10372668650793651 0.6009097222222223 0.11044047619047619
0 0.5211203703703704 0.10431051587301587 0.5164497354497354 0.10606200396825397 0.5148928571428572 0.11102430555555555 0.5199527116402116 0.11248387896825397 0.5257910052910053 0.11277579365079365 0.5300724206349207 0.10956473214285714 0.5281263227513228 0.10635391865079366 0.5231061507936509 0.10487599206349206 0.5211203703703704 0.10431051587301587
0 0.5565390211640211 0.10372668650793651 0.5565390211640211 0.09818030753968254 0.5518683862433862 0.09350967261904762 0.5425271164021165 0.09613690476190477 0.5452516534391534 0.100515625 0.5514791666666666 0.10255902777777777 0.5565390211640211 0.10372668650793651
0 0.5008812830687831 0.13291790674603174 0.5063300264550264 0.1370044642857143 0.5102222222222222 0.13758829365079364 0.5133359788359788 0.1335017361111111 0.5090545634920636 0.1288311011904762 0.506719246031746 0.1267876984126984 0.5008812830687831 0.12737152777777777 0.49659986772486775 0.12737152777777777 0.5008812830687831 0.13291790674603174
0 0.4864801587301587 0.1387559523809524 0.49231845238095234 0.14430233134920634 0.4969890873015873 0.1451780753968254 0.4993244047619048 0.14079935515873016 0.4969890873015873 0.13612872023809525 0.49192923280423284 0.13496130952380953 0.48764781746031743 0.13466939484126983 0.4864801587301587 0.1387559523809524
0 0.33935648148148145 0.12766344246031747 0.3440271164021164 0.1291230158730159 0.34636243386243387 0.12503621031746032 0.34247023809523813 0.12007366071428571 0.33935648148148145 0.1186140873015873 0.33390740740740743 0.12036557539682541 0.3323505291005291 0.12211706349206349 0.33935648148148145 0.12766344246031747
0 0.3409133597883598 0.13788020833333334 0.34363789682539686 0.14138318452380952 0.3490869708994709 0.14371850198412697 0.3522007275132275 0.14225892857142855 0.3510330687830687 0.13612872023809525 0.347140873015873 0.1320421626984127 0.3420810185185185 0.13233407738095238 0.3389672619047619 0.13233407738095238 0.3409133597883598 0.13788020833333334
0 0.35687136243386247 0.15276785714285715 0.35998511904761904 0.15451934523809524 0.36154166666666665 0.150140625 0.35764980158730153 0.14371850198412697 0.3541468253968254 0.14371850198412697 0.3522007275132275 0.14722147817460318 0.35687136243386247 0.15276785714285715
0 0.37088293650793647 0.15072445436507936 0.3697152777777778 0.1518921130952381 0.3724398148148148 0.15802232142857142 0.3806134259259259 0.15773040674603175 0.38411640211640213 0.1568546626984127 0.3903439153439154 0.15276785714285715 0.3891762566137566 0.14955679563492064 0.38333796296296296 0.1469295634920635 0.3753455687830688 0.14818501984126983 0.37088293650793647 0.15072445436507936
0 0.407469246031746 0.15597891865079366 0.40279861111111115 0.15773040674603175 0.40046329365079364 0.1615252976190476 0.40357705026455026 0.16415228174603175 0.4066908068783069 0.16590376984126984 0.4152536375661376 0.16590376984126984 0.41797817460317455 0.16269270833333332 0.4171997354497355 0.1597738095238095 0.41157804232804235 0.1571016865079365 0.407469246031746 0.15597891865079366
0 0.5600849867724867 0.1286044146825397 0.5620482804232805 0.1331855158730159 0.5657566137566138 0.13367633928571426 0.5672837301587301 0.1312222222222222 0.5683743386243386 0.12729563492063492 0.5675019841269842 0.12336904761904761 0.5648842592592592 0.12173313492063491 0.5616121031746032 0.12238740079365079 0.5603032407407408 0.12484151785714286 0.5600849867724867 0.1286044146825397
0 0.5971689814814815 0.12582316468253968 0.6015320767195766 0.12467782738095239 0.6032771164021163 0.12238740079365079 0.6008776455026456 0.11878819444444445 0.5973872354497355 0.11633407738095239 0.5941150793650793 0.11518874007936507 0.5901884920634921 0.11633407738095239 0.5886617063492063 0.11796999007936507 0.590406746031746 0.12140575396825397 0.5938968253968254 0.12418700396825397 0.5971689814814815 0.12582316468253968
0 0.6098214285714285 0.11862450396825397 0.607639880952381 0.12222395833333334 0.6093849206349207 0.1251686507936508 0.613093253968254 0.12582316468253968 0.6181107804232804 0.12582316468253968 0.6224735449735449 0.12467782738095239 0.6264001322751322 0.12222395833333334 0.6246547619047619 0.11944246031746031 0.6216008597883598 0.11862450396825397 0.616583664021164 0.1184608134920635 0.6115664682539682 0.11911532738095239 0.6098214285714285 0.11862450396825397
0 0.6237824074074074 0.12484151785714286 0.6237824074074074 0.12827728174603176 0.6270545634920635 0.13007688492063493 0.631199074074074 0.12844097222222223 0.6329441137566137 0.1261502976190476 0.6318535052910053 0.12255109126984126 0.6298902116402116 0.12189657738095239 0.6268363095238095 0.12238740079365079 0.6253912037037037 0.12350768849206349 0.6237824074074074 0.12484151785714286
0 0.6032771164021163 0.13040426587301587 0.6045859788359789 0.13367633928571426 0.6037132936507936 0.1358030753968254 0.607421626984127 0.1374392361111111 0.6115664682539682 0.1358030753968254 0.6122208994708994 0.1323673115079365 0.6106937830687831 0.12778645833333332 0.607639880952381 0.12533234126984127 0.6063310185185186 0.12598685515873015 0.6045859788359789 0.12696850198412699 0.6032771164021163 0.13040426587301587
0 0.6198558201058201 0.1369484126984127 0.6229097222222223 0.13842088293650795 0.6250912698412698 0.1367847222222222 0.6255274470899471 0.1351488095238095 0.6246547619047619 0.13269469246031745 0.6233458994708995 0.13187648809523808 0.6200740740740741 0.13171304563492064 0.6185469576719577 0.13449429563492063 0.6198558201058201 0.1369484126984127
0 0.5838624338624339 0.13269469246031745 0.5840806878306878 0.1351488095238095 0.5895340608465608 0.13613045634920637 0.593024470899471 0.13465798611111113 0.595860119047619 0.13220386904761905 0.596296626984127 0.12925892857142857 0.590625 0.12827728174603176 0.5877890211640211 0.12974975198412697 0.5849530423280423 0.13187648809523808 0.5838624338624339 0.13269469246031745
0 0.5655386904761905 0.13825719246031745 0.5651021825396825 0.14054761904761903 0.5699014550264551 0.14332911706349208 0.5747003968253969 0.1443107638888889 0.5777546296296296 0.14234747023809524 0.5766636904761905 0.1397296626984127 0.5725191798941799 0.1367847222222222 0.5692470238095239 0.13662127976190475 0.5668475529100528 0.13727554563492064 0.5655386904761905 0.13825719246031745
0 0.5723009259259259 0.14447420634920635 0.5699014550264551 0.14676463293650793 0.5703376322751322 0.15020039682539682 0.5731736111111111 0.15200024801587303 0.5781908068783069 0.1508549107142857 0.5829897486772487 0.14921874999999998 0.5856074735449736 0.14790997023809524 0.5871345899470899 0.1459466765873016 0.5864801587301588 0.14267460317460318 0.5827718253968254 0.14120213293650793 0.5792814153439154 0.14152926587301587 0.5766636904761905 0.1425109126984127 0.5723009259259259 0.14447420634920635
0 0.6261818783068783 0.15183655753968256 0.6248730158730159 0.15396329365079364 0.6285813492063492 0.15739905753968256 0.6316352513227513 0.15756274801587303 0.6349074074074074 0.1565811011904762 0.6383978174603175 0.15249107142857143 0.6392705026455027 0.14905530753968255 0.6377433862433862 0.1469283234126984 0.6331623677248677 0.1475828373015873 0.6285813492063492 0.14970957341269842 0.6261818783068783 0.15183655753968256
0 0.5657566137566138 0.16852430555555556 0.5670654761904762 0.17081473214285714 0.570119708994709 0.17261458333333332 0.5729553571428572 0.17146924603174604 0.5753548280423281 0.16770634920634922 0.5747003968253969 0.16394345238095237 0.5729553571428572 0.16165277777777778 0.5705558862433863 0.16067113095238095 0.565739417989418 0.1613452380952381 0.5648842592592592 0.16312524801587303 0.5657566137566138 0.16852430555555556
0 0.554849537037037 0.15625396825396826 0.5568128306878306 0.15478149801587301 0.5561583994708995 0.15281820436507937 0.5541951058201058 0.14954613095238095 0.551795634920635 0.14725545634920637 0.5491779100529101 0.14676463293650793 0.5469966931216931 0.14856448412698411 0.5465601851851852 0.14954613095238095 0.5474328703703704 0.15298189484126984 0.5500505952380953 0.15543576388888888 0.554849537037037 0.15625396825396826
0 0.4918068783068783 0.18489980158730157 0.4926795634920635 0.18702678571428571 0.4968240740740741 0.18768105158730158 0.4996600529100529 0.1847361111111111 0.5003144841269841 0.1814640376984127 0.4968240740740741 0.1781919642857143 0.49660582010582016 0.17786483134920633 0.4924437830687831 0.17824131944444443 0.4920251322751323 0.18080977182539681 0.4918068783068783 0.18489980158730157
0 0.549396164021164 0.1741016865079365 0.5476511243386243 0.17655580357142858 0.5500505952380953 0.18162772817460318 0.5557222222222222 0.17999156746031747 0.560739417989418 0.179828125 0.5644477513227514 0.17721031746031746 0.5620482804232805 0.1736111111111111 0.5587589285714285 0.17229191468253968 0.5531044973544973 0.1724657738095238 0.549396164021164 0.1741016865079365
0 0.5764457671957672 0.18310019841269842 0.5733915343915343 0.18571775793650794 0.5740459656084655 0.18915352182539683 0.5779725529100529 0.18964434523809523 0.5836441798941799 0.1893172123015873 0.5862619047619048 0.18751760912698415 0.586916335978836 0.18408184523809523 0.5842986111111111 0.18310019841269842 0.5794996693121693 0.18211855158730159 0.5764457671957672 0.18310019841269842
0 0.6063310185185186 0.17770114087301586 0.6082943121693122 0.17770114087301586 0.6102576058201058 0.17475620039682538 0.6078581349206349 0.17066617063492062 0.6054583333333333 0.1685391865079365 0.6006593915343915 0.168702876984127 0.5991322751322752 0.17099330357142858 0.6000049603174603 0.1731202876984127 0.6026226851851851 0.17606498015873015 0.6063310185185186 0.17770114087301586
0 0.622037037037037 0.1844089781746032 0.6244368386243386 0.18391815476190476 0.6244368386243386 0.17950074404761904 0.622037037037037 0.17655580357142858 0.6187652116402116 0.17557415674603175 0.616801917989418 0.17770114087301586 0.6194196428571429 0.1814640376984127 0.622037037037037 0.1844089781746032
0 0.6349074074074074 0.185390625 0.6375251322751323 0.18719022817460318 0.6397066798941798 0.18359102182539683 0.6397066798941798 0.1786827876984127 0.6375251322751323 0.17721031746031746 0.6340350529100529 0.17688318452380952 0.633598544973545 0.1814640376984127 0.6349074074074074 0.185390625
0 0.5485234788359789 0.18875198412698413 0.5500505952380953 0.19153323412698411 0.555067791005291 0.1910424107142857 0.5587761243386243 0.18907911706349206 0.5620482804232805 0.18662499999999999 0.5627027116402117 0.1854799107142857 0.5570310846560846 0.18253497023809523 0.5544133597883598 0.18384375 0.5504867724867725 0.18564335317460318 0.5485234788359789 0.18875198412698413
0 0.5829897486772487 0.2000406746031746 0.5845168650793651 0.20364012896825398 0.5893161375661375 0.20331299603174605 0.5941150793650793 0.200858878968254 0.5965145502645502 0.19938640873015875 0.5965145502645502 0.19758680555555555 0.5912794312169312 0.19545982142857143 0.589219246031746 0.19489930555555554 0.5847351190476191 0.19824107142857142 0.5829897486772487 0.2000406746031746
0 0.6303267195767196 0.19595064484126984 0.6309808201058201 0.20036805555555556 0.636870701058201 0.1979139384920635 0.6407972883597883 0.1961143353174603 0.6440694444444445 0.19415104166666666 0.6410155423280424 0.18973363095238094 0.6381795634920635 0.18956994047619047 0.6364345238095238 0.19120610119047618 0.6327261904761905 0.19300570436507936 0.6303267195767196 0.19595064484126984
0 0.6414517195767195 0.20527628968253966 0.6440694444444445 0.2067485119047619 0.6466871693121693 0.20691220238095237 0.6477777777777778 0.2034764384920635 0.6464689153439154 0.20102232142857143 0.6403611111111112 0.19873189484126985 0.6381795634920635 0.19938640873015875 0.6379616402116401 0.2016768353174603 0.6414517195767195 0.20527628968253966
0 0.6290178571428572 0.2078938492063492 0.6327261904761905 0.2113296130952381 0.6364345238095238 0.2118204365079365 0.6375251322751323 0.20920262896825398 0.6353439153439153 0.20527628968253966 0.6340350529100529 0.20380381944444442 0.6309808201058201 0.20265848214285714 0.6292357804232804 0.20413095238095239 0.6290178571428572 0.2078938492063492
0 0.6054583333333333 0.21476537698412698 0.6087304894179894 0.21721949404761903 0.6135297619047619 0.21558333333333332 0.618983134920635 0.21574702380952382 0.6207285052910053 0.21263839285714284 0.6146203703703704 0.2108387896825397 0.6104758597883597 0.2108387896825397 0.6095264550264551 0.21060540674603173 0.6069854497354497 0.21280208333333334 0.6054583333333333 0.21476537698412698
0 0.5683743386243386 0.2148844246031746 0.5727374338624339 0.21472073412698414 0.5736097883597884 0.21030332341269842 0.5714285714285714 0.2063767361111111 0.5685925925925925 0.20457713293650795 0.5655386904761905 0.2035954861111111 0.5627027116402117 0.20490426587301586 0.560739417989418 0.2060496031746032 0.5624847883597883 0.20997619047619048 0.5651021825396825 0.21292113095238097 0.5683743386243386 0.2148844246031746
0 0.5358713624338624 0.21455704365079367 0.5393617724867725 0.21782911706349206 0.5426339285714286 0.21864732142857143 0.5463422619047619 0.21897445436507937 0.5485234788359789 0.21782911706349206 0.5498323412698413 0.21635664682539682 0.5485234788359789 0.2135753968253968 0.5435062830687831 0.21112127976190476 0.5419794973544974 0.21112127976190476 0.5391435185185185 0.21193948412698413 0.5360896164021164 0.21292113095238097 0.5358713624338624 0.21455704365079367
0 0.5808085317460318 0.22928174603174606 0.5829897486772487 0.23239012896825395 0.5864801587301588 0.23337177579365082 0.5910611772486772 0.23304464285714285 0.592587962962963 0.2294451884920635 0.5910611772486772 0.22617311507936508 0.5888796296296296 0.223718998015873 0.5856074735449736 0.22257390873015873 0.5818991402116402 0.2233918650793651 0.5803723544973545 0.22502777777777777 0.5808085317460318 0.22928174603174606
0 0.592587962962963 0.22470064484126986 0.5965145502645502 0.22568229166666667 0.5997867063492064 0.22617311507936508 0.6026226851851851 0.2255186011904762 0.6041494708994709 0.2233918650793651 0.6021861772486773 0.2199561011904762 0.6000049603174603 0.21831994047619047 0.596296626984127 0.21782911706349206 0.5949877645502645 0.21750198412698413 0.5910611772486772 0.218156498015873 0.5901884920634921 0.22093774801587301 0.592587962962963 0.22470064484126986
0 0.6015320767195766 0.2253551587301587 0.6021861772486773 0.22699107142857142 0.6045859788359789 0.2305905257936508 0.6080760582010581 0.23206299603174604 0.613093253968254 0.2315721726190476 0.6148386243386244 0.22960887896825397 0.6133115079365079 0.2260094246031746 0.611130291005291 0.22470064484126986 0.6054583333333333 0.223718998015873 0.602545634920635 0.22416989087301586 0.6015320767195766 0.2253551587301587
0 0.6226914682539683 0.22813640873015872 0.6240003306878307 0.2310813492063492 0.627926917989418 0.2309176587301587 0.6318535052910053 0.2294451884920635 0.6349074074074074 0.22748189484126985 0.6353439153439153 0.22666393849206348 0.6357800925925926 0.2253551587301587 0.6309808201058201 0.22420982142857143 0.6290178571428572 0.22404613095238096 0.6274907407407407 0.22420982142857143 0.6240003306878307 0.2260094246031746 0.6226914682539683 0.22813640873015872
0 0.39495205026455027 0.19181597222222224 0.39844246031746033 0.1942698412698413 0.40149636243386244 0.1942698412698413 0.40302347883597883 0.19296106150793652 0.40345965608465606 0.1890344742063492 0.40367791005291004 0.18608978174603175 0.40127810846560846 0.18396279761904763 0.3995330687830688 0.18330828373015876 0.3959857804232804 0.18395262896825396 0.39495205026455027 0.18788938492063492 0.39495205026455027 0.19181597222222224
0 0.38513591269841274 0.18052703373015871 0.38360879629629624 0.17709126984126985 0.3820816798941799 0.1756187996031746 0.37815542328042323 0.17431001984126984 0.3729199735449736 0.17529166666666665 0.37117460317460316 0.17774578373015873 0.3735744047619048 0.18101785714285715 0.3799004629629629 0.18281746031746032 0.379682208994709 0.18150868055555555 0.3833905423280423 0.18199950396825396 0.38513591269841274 0.18052703373015871
0 0.3644123677248677 0.18838020833333333 0.36615740740740743 0.19148859126984127 0.37073842592592593 0.1942698412698413 0.374010582010582 0.19557886904761904 0.37641005291005286 0.19345188492063492 0.3766283068783069 0.1901798115079365 0.3748832671957672 0.18723487103174605 0.37117460317460316 0.18494444444444444 0.36806382275132277 0.18395262896825396 0.36572123015873015 0.18592609126984128 0.3644123677248677 0.18838020833333333
0 0.338671626984127 0.19116145833333334 0.3397625661375661 0.19377926587301586 0.3423799603174603 0.19639682539682538 0.34543419312169316 0.1968876488095238 0.3471792328042328 0.1936155753968254 0.34914252645502647 0.19116145833333334 0.347833664021164 0.1887073412698413 0.3456521164021164 0.18641691468253968 0.3425982142857143 0.18690773809523809 0.3406349206349206 0.18821651785714286 0.338671626984127 0.19116145833333334
0 0.3353994708994709 0.2004871031746032 0.3345271164021164 0.20294097222222224 0.3358359788359788 0.20784920634920634 0.33736276455026454 0.20932167658730158 0.3406349206349206 0.2091579861111111 0.3430343915343915 0.20654042658730157 0.3460886243386243 0.20425 0.3467430555555555 0.2004871031746032 0.3456521164021164 0.19868725198412698 0.344343253968254 0.19639682539682538 0.3425982142857143 0.19508804563492063 0.33950694444444446 0.19513715277777777 0.33736276455026454 0.19721478174603174 0.3353994708994709 0.2004871031746032
0 0.3452159391534392 0.21177579365079366 0.3439070767195767 0.2135753968253968 0.3456521164021164 0.21619320436507938 0.3484880952380952 0.21635664682539682 0.3517602513227513 0.21537524801587302 0.3552503306878307 0.2135753968253968 0.3572136243386243 0.21177579365079366 0.35241468253968256 0.2080128968253968 0.3517602513227513 0.20735838293650793 0.34914252645502647 0.2081765873015873 0.34826984126984123 0.20899454365079367 0.3452159391534392 0.21177579365079366
0 0.38797156084656087 0.21553869047619048 0.3842632275132275 0.2165203373015873 0.38360879629629624 0.22061061507936508 0.38709920634920636 0.22175570436507938 0.391025462962963 0.22208308531746032 0.39429761904761906 0.22224652777777776 0.40040575396825395 0.22224652777777776 0.40062367724867726 0.2188107638888889 0.39866071428571426 0.21701116071428572 0.39582473544973545 0.21586582341269842 0.3916798941798942 0.21521155753968252 0.38797156084656087 0.21553869047619048
0 0.3833905423280423 0.22780927579365082 0.379682208994709 0.22862723214285716 0.37815542328042323 0.23140848214285714 0.3794642857142857 0.23500793650793653 0.3820816798941799 0.2372983630952381 0.38579034391534395 0.23811631944444445 0.388625992063492 0.23680753968253968 0.388625992063492 0.23468055555555556 0.38840806878306877 0.23173561507936508 0.38579034391534395 0.22911805555555556 0.3833905423280423 0.22780927579365082
0 0.3731378968253968 0.2340262896825397 0.37204728835978834 0.2361530257936508 0.3733561507936508 0.2394250992063492 0.37597387566137563 0.2412249503968254 0.3783733465608466 0.2412249503968254 0.3799004629629629 0.23795262896825395 0.3799004629629629 0.23680753968253968 0.3779371693121693 0.23418973214285715 0.3755376984126984 0.23239012896825395 0.3731378968253968 0.2340262896825397
0 0.33954431216931213 0.24187921626984127 0.3428164682539682 0.24433333333333335 0.3465248015873016 0.24547867063492063 0.3495787037037037 0.24596949404761906 0.3513237433862434 0.24367906746031745 0.3513237433862434 0.24187921626984127 0.3473974867724868 0.23844345238095238 0.34543419312169316 0.2377891865079365 0.34128935185185183 0.23762549603174604 0.3406349206349206 0.23909796626984128 0.33954431216931213 0.24187921626984127
0 0.3345271164021164 0.24089756944444443 0.33190939153439153 0.24253373015873014 0.33474503968253966 0.24613293650793652 0.338889880952381 0.24760540674603176 0.3428164682539682 0.24760540674603176 0.3428164682539682 0.24531498015873016 0.3404589947089947 0.2432075892857143 0.33801719576719574 0.2417157738095238 0.3345271164021164 0.24089756944444443
0 0.3338726851851852 0.2528407738095238 0.33430886243386243 0.2551314484126984 0.33736276455026454 0.25693105158730156 0.3419437830687831 0.2536589781746032 0.3425982142857143 0.2516956845238095 0.3401987433862434 0.24858705357142857 0.338889880952381 0.24760540674603176 0.3363339947089947 0.24653918650793652 0.33430886243386243 0.24891443452380954 0.3338726851851852 0.2528407738095238
0 0.3434708994708994 0.25873065476190477 0.3447797619047619 0.25987599206349205 0.3471792328042328 0.25987599206349205 0.34914252645502647 0.2580763888888889 0.34936078042328045 0.25594940476190475 0.3476154100529101 0.25218650793650793 0.3467430555555555 0.25104117063492065 0.3439070767195767 0.25202281746031746 0.3428164682539682 0.2539861111111111 0.3434708994708994 0.25873065476190477
0 0.37436011904761907 0.27312698412698416 0.3752328042328042 0.2773809523809524 0.37828670634920636 0.27770808531746033 0.3811223544973545 0.2770535714285714 0.38308564814814816 0.2741086309523809 0.38286772486772486 0.2708365575396825 0.3804679232804233 0.2665828373015873 0.3798134920634921 0.26527405753968253 0.37631349206349207 0.2655771329365079 0.374578373015873 0.2683824404761905 0.37436011904761907 0.27312698412698416
0 0.3529821428571428 0.2934439484126984 0.35320039682539683 0.29769766865079367 0.3566908068783069 0.2986793154761905 0.3599626322751323 0.29638888888888887 0.36127149470899467 0.2936076388888889 0.3610535714285714 0.29000818452380955 0.35727579365079365 0.2865186011904762 0.35232771164021165 0.2918080357142857 0.3529821428571428 0.2934439484126984
0 0.3693429232804233 0.3179253472222222 0.3665069444444444 0.32054315476190476 0.3662890211640211 0.32446949404761904 0.36847023809523805 0.3256148313492063 0.3723968253968254 0.3254511408730159 0.37937731481481485 0.325124007936508 0.3824312169312169 0.32168824404761903 0.3806861772486772 0.31874330357142855 0.37610515873015876 0.31776165674603174 0.3730512566137566 0.31776165674603174 0.3693429232804233 0.3179253472222222
0 0.34229332010582014 0.31710739087301587 0.33945767195767196 0.31727083333333334 0.33793055555555557 0.3190706845238095 0.3388032407407407 0.32136111111111115 0.3409844576719577 0.32316071428571425 0.34687433862433864 0.32446949404761904 0.34883763227513226 0.32283358134920637 0.34796494708994713 0.32005233134920635 0.3453472222222222 0.3175982142857143 0.34229332010582014 0.31710739087301587
0 0.3621441798941799 0.32792113095238096 0.3606170634920635 0.32873908730158735 0.35778141534391533 0.3329928075396825 0.36018088624338623 0.3341381448412698 0.3658525132275132 0.3354469246031746 0.3734874338624338 0.335937748015873 0.3767595899470899 0.3325019841269841 0.37610515873015876 0.32873908730158735 0.3730512566137566 0.32693948412698415 0.3675978835978836 0.32841195436507936 0.3621441798941799 0.32792113095238096
0 0.48378141534391533 0.2675811011904762 0.4820363756613757 0.2679084821428572 0.47898247354497353 0.27068973214285713 0.479854828042328 0.27298015873015874 0.4822546296296296 0.2737983630952381 0.48596296296296293 0.274452628968254 0.4905439814814815 0.27494345238095236 0.4946884920634921 0.2736346726190476 0.4942523148148148 0.2708534226190476 0.4920707671957672 0.268890128968254 0.4872718253968254 0.2675811011904762 0.48378141534391533 0.2675811011904762
0 0.5024226190476191 0.29255902777777776 0.5004593253968254 0.29255902777777776 0.4958783068783069 0.2945223214285714 0.496969246031746 0.2964856150793651 0.4998048941798942 0.29828521825396825 0.502640873015873 0.30041220238095234 0.5061309523809524 0.3020481150793651 0.5096213624338625 0.3018846726190476 0.5122390873015873 0.30008482142857146 0.5111481481481481 0.2981215277777778 0.5074398148148148 0.2951765873015873 0.5024226190476191 0.29255902777777776
0 0.5166018518518518 0.299593998015873 0.5200922619047619 0.30008482142857146 0.5233640873015873 0.29992137896825394 0.5262000661375662 0.2991031746031746 0.5270727513227513 0.2964856150793651 0.5257638888888889 0.2951765873015873 0.5242367724867725 0.2945223214285714 0.5238005952380952 0.29435863095238096 0.5192195767195766 0.2951765873015873 0.5163835978835979 0.297139880952381 0.5166018518518518 0.299593998015873
0 0.5166018518518518 0.3085925099206349 0.5170380291005291 0.31170089285714286 0.5207463624338624 0.31235540674603174 0.5248912037037037 0.3085925099206349 0.5251094576719577 0.3045022321428571 0.5205284391534392 0.3020481150793651 0.5178277116402117 0.30055902777777777 0.5163835978835979 0.3031934523809524 0.5166018518518518 0.3085925099206349
0 0.3606891534391534 0.3475669642857143 0.3604708994708995 0.3452762896825397 0.356108134920635 0.34413120039682543 0.3528359788359789 0.3452762896825397 0.35043650793650793 0.35100248015873015 0.3547992724867725 0.3513298611111111 0.3569808201058201 0.3501845238095238 0.3585076058201058 0.348875744047619 0.3606891534391534 0.3475669642857143
0 0.3312400793650794 0.35721949404761905 0.33145833333333335 0.36065525793650793 0.33691170634920636 0.36016443452380953 0.3401838624338624 0.3598373015873016 0.34498280423280425 0.3585285218253968 0.34738260582010577 0.35705605158730164 0.3467281746031746 0.35411111111111115 0.3419289021164021 0.3516569940476191 0.3380023148148148 0.3534565972222222 0.33516666666666667 0.3550927579365079 0.3312400793650794 0.35721949404761905
0 0.3554537037037037 0.3618005952380952 0.3576352513227513 0.3608189484126984 0.35959854497354493 0.3596736111111111 0.35959854497354493 0.35705605158730164 0.35741699735449733 0.35443824404761903 0.3545810185185185 0.3531294642857143 0.3515271164021164 0.35280233134920636 0.3495638227513227 0.35460193452380956 0.34869146825396824 0.35558358134920637 0.3493458994708995 0.3586919642857143 0.3530542328042328 0.3608189484126984 0.3554537037037037 0.3618005952380952
0 0.38032175925925926 0.3613097718253968 0.37901289682539685 0.36343675595238095 0.37944940476190475 0.36539980158730156 0.38293948412698414 0.36834474206349205 0.3875205026455027 0.36867212301587304 0.3918832671957672 0.36638144841269843 0.3929738756613757 0.36343675595238095 0.39275595238095234 0.35951016865079366 0.39057440476190475 0.35721949404761905 0.3877387566137566 0.35672867063492064 0.385775462962963 0.3573831845238095 0.38272123015873016 0.35951016865079366 0.38032175925925926 0.3613097718253968
0 0.3366934523809524 0.36785391865079364 0.3373478835978836 0.3722713293650794 0.3412744708994709 0.3737437996031746 0.3460737433862434 0.37178050595238094 0.34629166666666666 0.36703596230158725 0.3452010582010582 0.3636001984126984 0.3441104497354497 0.36196428571428574 0.34062003968253973 0.3618005952380952 0.3373478835978836 0.3647455357142857 0.3366934523809524 0.36785391865079364
0 0.3517453703703704 0.368999255952381 0.34738260582010577 0.3694900793650794 0.34650992063492064 0.3724350198412698 0.34825496031746034 0.3737437996031746 0.3528359788359789 0.3747254464285714 0.35567195767195764 0.37488913690476194 0.35959854497354493 0.3737437996031746 0.35916203703703703 0.37178050595238094 0.35588988095238094 0.36965376984126985 0.35392658730158727 0.3698172123015873 0.3517453703703704 0.368999255952381
0 0.3626524470899471 0.3851961805555556 0.3606891534391534 0.3850327380952381 0.35567195767195764 0.38601413690476194 0.3530542328042328 0.3883048115079365 0.35392658730158727 0.39141319444444445 0.3587258597883598 0.39419444444444446 0.3641792328042328 0.39550347222222226 0.3678878968253968 0.39550347222222226 0.3722506613756614 0.3943581349206349 0.3722506613756614 0.3905952380952381 0.3674513888888889 0.3887956349206349 0.3617797619047619 0.3868323412698413 0.3626524470899471 0.3851961805555556
0 0.34869146825396824 0.4007388392857143 0.35239980158730155 0.40515625 0.3547992724867725 0.40597420634920633 0.3585076058201058 0.40335639880952384 0.3598164682539683 0.39975719246031743 0.3589441137566137 0.39533978174603174 0.35588988095238094 0.3938673115079365 0.3530542328042328 0.39419444444444446 0.3493458994708995 0.39681225198412695 0.34869146825396824 0.4007388392857143
0 0.34432837301587305 0.4223348214285714 0.33843882275132275 0.42446155753968257 0.33778439153439155 0.4296969246031746 0.3401838624338624 0.4310059523809524 0.34738260582010577 0.4310059523809524 0.3530542328042328 0.4308422619047619 0.3530542328042328 0.42609771825396825 0.3513091931216931 0.4234799107142857 0.34629166666666666 0.4228256448412699 0.34432837301587305 0.4223348214285714
0 0.4363842592592593 0.4081009424603175 0.4387837301587302 0.4072829861111111 0.4392199074074074 0.40302926587301585 0.435729828042328 0.40041145833333336 0.43267559523809523 0.3992663690476191 0.42853108465608464 0.3994300595238095 0.4261316137566138 0.40090228174603176 0.426786044973545 0.4043380456349206 0.43005787037037035 0.40581051587301586 0.4333300264550265 0.4079375 0.4363842592592593 0.4081009424603175
0 0.3349484126984127 0.45675148809523813 0.33385780423280426 0.4577331349206349 0.33516666666666667 0.46264136904761904 0.33974768518518517 0.4642772817460317 0.3423650793650793 0.4628048115079365 0.34323776455026456 0.46067807539682537 0.34149272486772486 0.45576984126984127 0.3404021164021164 0.45544270833333333 0.338656746031746 0.45495188492063493 0.3349484126984127 0.45675148809523813
0 0.3580714285714286 0.46493179563492065 0.36112533068783065 0.46493179563492065 0.3635248015873016 0.46313219246031745 0.36330687830687836 0.46067807539682537 0.3619980158730159 0.4578968253968254 0.3585076058201058 0.45527901785714286 0.35349041005291004 0.4551153273809524 0.35196329365079365 0.4565877976190476 0.35196329365079365 0.4580602678571428 0.35239980158730155 0.4595327380952381 0.3554537037037037 0.4637864583333334 0.3580714285714286 0.46493179563492065
0 0.3816306216931217 0.45871478174603175 0.379885582010582 0.4593692956349206 0.37617724867724867 0.46116889880952383 0.37704960317460323 0.4641138392857143 0.37944940476190475 0.4647681051587301 0.3825033068783069 0.46493179563492065 0.38991997354497354 0.4646046626984127 0.3903564814814815 0.46116889880952383 0.3883931878306878 0.4593692956349206 0.38555720899470897 0.45822395833333335 0.3816306216931217 0.45871478174603175
0 0.3689785052910053 0.4749117063492064 0.37203240740740745 0.47589335317460313 0.3750863095238095 0.47556622023809525 0.3766134259259259 0.47278497023809524 0.37574074074074076 0.4700034722222222 0.3731230158730159 0.46853125 0.3698511904761905 0.4701671626984127 0.3696329365079365 0.47163963293650796 0.3689785052910053 0.4749117063492064
0 0.36287037037037034 0.47114880952380955 0.36287037037037034 0.4729484126984127 0.3637430555555556 0.4744208829365079 0.3674513888888889 0.4749117063492064 0.37028736772486776 0.47262127976190477 0.3711600529100529 0.4700034722222222 0.3700691137566137 0.4677130456349206 0.3676696428571429 0.46673139880952386 0.364833664021164 0.46820386904761907 0.36287037037037034 0.47114880952380955
0 0.3554537037037037 0.47033085317460316 0.3545810185185185 0.4701671626984127 0.34825496031746034 0.47163963293650796 0.3478187830687831 0.47425744047619045 0.3493458994708995 0.476875 0.3515271164021164 0.4781837797619048 0.3550175264550265 0.4786746031746032 0.3585076058201058 0.47720213293650793 0.35916203703703703 0.47556622023809525 0.35632638888888885 0.47180332341269837 0.3554537037037037 0.47033085317460316
0 0.34214715608465607 0.4816195436507937 0.34171097883597884 0.4830920138888889 0.3430195105820106 0.48620064484126985 0.3458554894179894 0.4863640873015873 0.3478187830687831 0.4848916170634921 0.3495638227513227 0.48211036706349203 0.34847321428571426 0.4788382936507936 0.34694609788359787 0.4770386904761905 0.34345601851851854 0.47654786706349206 0.3419289021164021 0.47916542658730155 0.34214715608465607 0.4816195436507937
0 0.34912764550264547 0.4860369543650794 0.3510909391534392 0.48963640873015873 0.35392658730158727 0.4897998511904762 0.3571987433862434 0.4875094246031746 0.359380291005291 0.48407366071428576 0.3598164682539683 0.48096527777777776 0.35218154761904763 0.47916542658730155 0.3506547619047619 0.48080158730158734 0.34890939153439154 0.48292857142857143 0.34912764550264547 0.4860369543650794
0 0.34323776455026456 0.5040188492063492 0.34541931216931215 0.5066364087301587 0.34912764550264547 0.505327628968254 0.35087268518518516 0.5033643353174603 0.35196329365079365 0.500092261904762 0.34978207671957673 0.49714732142857143 0.3442665343915344 0.49712400793650796 0.34323776455026456 0.5005830853174603 0.34323776455026456 0.5040188492063492
0 0.3382205687830688 0.4945295138888889 0.333203373015873 0.493875248015873 0.3286223544973545 0.4943660714285715 0.3268773148148148 0.4964928075396825 0.3308039021164021 0.5014010416666667 0.3358210978835979 0.5025463789682539 0.34062003968253973 0.5014010416666667 0.3430195105820106 0.4997648809523809 0.3436739417989418 0.49796527777777777 0.3452185846560847 0.49712400793650796 0.34171097883597884 0.4953477182539682 0.3382205687830688 0.4945295138888889
0 0.35087268518518516 0.508108878968254 0.3506547619047619 0.5103993055555555 0.356108134920635 0.5128534226190475 0.35959854497354493 0.5123625992063492 0.3617797619047619 0.5115446428571429 0.3580714285714286 0.5079451884920635 0.3575929232804233 0.5075947420634921 0.3543630952380953 0.5066364087301587 0.35087268518518516 0.508108878968254
0 0.36330687830687836 0.510890128968254 0.3626524470899471 0.5125262896825397 0.3635248015873016 0.5135079365079365 0.37028736772486776 0.5144895833333334 0.3746501322751323 0.5102358630952382 0.3750863095238095 0.5072909226190476 0.37268683862433866 0.5064727182539682 0.3696329365079365 0.5064727182539682 0.3641792328042328 0.5095813492063492 0.36330687830687836 0.510890128968254
0 0.4684507275132275 0.4917482638888889 0.4686689814814815 0.48929414682539685 0.46779629629629627 0.4873308531746032 0.46277910052910054 0.48634920634920636 0.45841633597883596 0.4866765873015873 0.4538353174603174 0.4878216765873016 0.45470800264550265 0.4928936011904762 0.4571074735449735 0.49551116071428575 0.45972519841269843 0.4951840277777778 0.4621246693121693 0.493547867063492 0.4658333333333334 0.4927299107142857 0.4684507275132275 0.4917482638888889
0 0.45667129629629627 0.4829136904761905 0.45798015873015874 0.4816046626984127 0.45863458994708994 0.4793142361111111 0.4571074735449735 0.47636929563492064 0.4544897486772487 0.47489682539682543 0.45252645502645505 0.4737517361111111 0.44925429894179897 0.4727700892857143 0.4444553571428571 0.4726063988095238 0.4409649470899471 0.4737517361111111 0.441183201058201 0.4780054563492063 0.4442371031746032 0.4809503968253968 0.44881812169312174 0.4819320436507937 0.44859986772486776 0.48111383928571433 0.4538353174603174 0.48258630952380954 0.45667129629629627 0.4829136904761905
0 0.41129794973544975 0.5855243055555556 0.41435185185185186 0.5868330853174603 0.4171878306878307 0.586015128968254 0.4204596560846561 0.5842155257936508 0.42111408730158734 0.5825793650793651 0.42111408730158734 0.5794707341269841 0.41936904761904764 0.5761986607142857 0.415224537037037 0.5757078373015873 0.41282473544973547 0.5770168650793651 0.411734126984127 0.5799615575396826 0.4108614417989418 0.5820885416666667 0.41129794973544975 0.5855243055555556
0 0.4163151455026455 0.6009032738095238 0.41762400793650795 0.6022120535714286 0.42176851851851854 0.6035208333333334 0.4261316137566138 0.6036845238095239 0.43005787037037035 0.6030300099206349 0.4311488095238096 0.6015575396825397 0.4272222222222222 0.5984491567460318 0.42591335978835976 0.5976312003968254 0.42168683862433864 0.5970724206349207 0.41762400793650795 0.5981220238095238 0.4163151455026455 0.6009032738095238
0 0.3659246031746032 0.6485868055555555 0.370723544973545 0.6521862599206348 0.3746501322751323 0.6497321428571428 0.37748611111111113 0.6472780257936508 0.37792228835978836 0.6440059523809524 0.37595899470899474 0.6413881448412699 0.370723544973545 0.6400793650793651 0.3676696428571429 0.6410610119047618 0.3674513888888889 0.6417155257936508 0.3674292328042328 0.6439528769841271 0.3659246031746032 0.645969246031746 0.3659246031746032 0.6485868055555555
0 0.35959854497354493 0.6482596726190476 0.3569808201058201 0.649077628968254 0.35741699735449733 0.651859126984127 0.3589441137566137 0.6552946428571429 0.3637430555555556 0.6575853174603175 0.36657903439153444 0.6569308035714285 0.3678878968253968 0.6541495535714286 0.3674513888888889 0.6523499503968254 0.3652080026455026 0.6503782242063492 0.3626524470899471 0.6487504960317461 0.35959854497354493 0.6482596726190476
0 0.4555806878306878 0.7037517361111111 0.45667129629629627 0.7065332341269842 0.45994345238095236 0.7071875000000001 0.4636517857142857 0.7065332341269842 0.4658333333333334 0.7035882936507937 0.46561507936507934 0.7003162202380953 0.4658333333333334 0.698516369047619 0.46408796296296295 0.696062251984127 0.46168849206349205 0.6955714285714285 0.4608158068783069 0.6958988095238096 0.45881051587301586 0.6979727182539682 0.4571074735449735 0.6996617063492063 0.4555806878306878 0.7037517361111111
0 0.3729050925925926 0.7320555555555556 0.37094179894179896 0.7335280257936508 0.3744318783068783 0.7363095238095239 0.37814054232804234 0.7358187003968254 0.38141236772486775 0.7338554067460318 0.3840300925925926 0.7314012896825397 0.3840300925925926 0.7292743055555556 0.38119444444444445 0.7273110119047619 0.38010383597883596 0.726983878968254 0.37574074074074076 0.7279655257936508 0.3750863095238095 0.7294379960317461 0.3729050925925926 0.7320555555555556
0 0.3617797619047619 0.7325463789682539 0.3598164682539683 0.7335280257936508 0.3582896825396826 0.7346733630952381 0.36287037037037034 0.7369637896825397 0.36657903439153444 0.7372911706349206 0.3698511904761905 0.7369637896825397 0.37159623015873017 0.7345096726190476 0.370723544973545 0.7325463789682539 0.3681058201058201 0.7310741567460317 0.3637430555555556 0.7320555555555556 0.3617797619047619 0.7325463789682539
0 0.35021825396825396 0.7425265376984127 0.3528359788359789 0.7446532738095238 0.35676256613756613 0.7448169642857142 0.359380291005291 0.7441624503968255 0.3604708994708995 0.7421991567460318 0.3582896825396826 0.7397450396825397 0.35632638888888885 0.7385999503968254 0.3532721560846561 0.7376183035714287 0.35043650793650793 0.7397450396825397 0.35021825396825396 0.7425265376984127
0 0.3609074074074074 0.792515625 0.3569808201058201 0.7939878472222222 0.3571987433862434 0.7988960813492063 0.3617797619047619 0.8006956845238096 0.3659246031746032 0.8002048611111111 0.3676696428571429 0.7979144345238095 0.36701521164021167 0.7966056547619048 0.3652080026455026 0.7953033234126984 0.3630886243386243 0.7933335813492064 0.3609074074074074 0.792515625
0 0.34563723544973546 0.7998777281746031 0.3493458994708995 0.801513888888889 0.3515271164021164 0.7975873015873015 0.35196329365079365 0.7954603174603174 0.34825496031746034 0.7936607142857143 0.3460737433862434 0.7930062003968253 0.34498280423280425 0.7943152281746032 0.344546626984127 0.7975873015873015 0.34563723544973546 0.7998777281746031
0 0.34280158730158733 0.8062584325396825 0.3452010582010582 0.8100213293650793 0.34825496031746034 0.8114937996031747 0.3510909391534392 0.8113301091269841 0.35218154761904763 0.8080580357142858 0.34869146825396824 0.8046222718253968 0.34716435185185185 0.8033134920634921 0.34553571428571433 0.802204613095238 0.3419289021164021 0.8029863591269841 0.34280158730158733 0.8062584325396825
0 0.35196329365079365 0.811657490079365 0.3532721560846561 0.8142750496031746 0.356108134920635 0.8149295634920635 0.36221593915343914 0.8144387400793651 0.3657063492063492 0.8137842261904762 0.3700691137566137 0.8129662698412699 0.37094179894179896 0.8090396825396825 0.3696329365079365 0.8070763888888889 0.3674513888888889 0.8056039186507937 0.3637430555555556 0.8052767857142857 0.3609074074074074 0.8054404761904762 0.3571987433862434 0.806422123015873 0.35414484126984125 0.8087125496031745 0.35196329365079365 0.811657490079365
0 0.37792228835978836 0.7992234623015874 0.3807582671957672 0.7992234623015874 0.3822850529100529 0.7967693452380953 0.3809761904761904 0.7938244047619047 0.37814054232804234 0.7913702876984127 0.3746501322751323 0.7905523313492063 0.3711600529100529 0.7918611111111111 0.37050562169312173 0.7944786706349207 0.3746501322751323 0.7980781250000001 0.37792228835978836 0.7992234623015874
0 0.5026990740740741 0.5799020337301587 0.5040079365079365 0.5785932539682539 0.5031352513227513 0.5766299603174604 0.5000813492063493 0.5748303571428571 0.49506415343915344 0.5727033730158729 0.49288260582010585 0.5728670634920635 0.4907013888888889 0.5749940476190477 0.4920102513227513 0.5779389880952381 0.49331911375661375 0.5792477678571428 0.49789980158730157 0.5799020337301587 0.5026990740740741 0.5799020337301587
0 0.5421342592592593 0.23500595238095237 0.5432248677248677 0.2364784226190476 0.5488968253968254 0.23642460317460318 0.5523869047619048 0.23296924603174604 0.5539140211640212 0.22875074404761905 0.5488472222222222 0.2250389384920635 0.5484107142857143 0.2250389384920635 0.5458425925925926 0.2281344246031746 0.5427886904761905 0.23058854166666665 0.5421342592592593 0.23500595238095237
0 0.5597146164021164 0.23216344246031745 0.5632046957671958 0.2342901785714286 0.5669130291005291 0.23412648809523812 0.5675674603174603 0.23052728174603174 0.5658224206349206 0.22840029761904762 0.5642953042328043 0.22758234126984125 0.5619318783068783 0.22726339285714287 0.5590601851851852 0.23003645833333333 0.5597146164021164 0.23216344246031745
0 0.5634229497354497 0.2414888392857143 0.5671312830687831 0.24410664682539684 0.5708396164021164 0.24394295634920635 0.5723667328042328 0.24165252976190474 0.5688763227513227 0.2373988095238095 0.5666951058201058 0.2359263392857143 0.5640773809523809 0.23510813492063493 0.561241402116402 0.23723511904761907 0.5634229497354497 0.2414888392857143
0 0.5970165343915343 0.2545773809523809 0.599198082010582 0.25784945436507933 0.6044335317460318 0.2588311011904762 0.6074874338624339 0.25784945436507933 0.6057423941798942 0.2531049107142857 0.6039970238095238 0.25114161706349203 0.6029064153439154 0.2506507936507937 0.5998525132275132 0.2506507936507937 0.5976709656084656 0.25081448412698415 0.5970165343915343 0.2545773809523809
0 0.6297377645502645 0.25277777777777777 0.6288654100529101 0.2545773809523809 0.6317010582010582 0.25654067460317465 0.6362820767195767 0.25784945436507933 0.6432625661375662 0.25670411706349205 0.6428263888888889 0.2521232638888889 0.640208664021164 0.2501599702380952 0.636718253968254 0.24999627976190478 0.6310466269841271 0.25228695436507936 0.6297377645502645 0.25277777777777777
0 0.6380271164021164 0.26521180555555557 0.6445714285714286 0.2637393353174603 0.6489341931216931 0.26161235119047616 0.6452258597883598 0.25899479166666667 0.6408630952380953 0.2576857638888889 0.6375909391534391 0.25654067460317465 0.6356276455026455 0.25899479166666667 0.6380271164021164 0.26521180555555557
0 0.6290833333333333 0.27077430555555554 0.6356276455026455 0.2706106150793651 0.6408630952380953 0.2689747023809524 0.637154761904762 0.2650481150793651 0.6310466269841271 0.2643936011904762 0.6303921957671957 0.2643936011904762 0.628647156084656 0.26684771825396825 0.6290833333333333 0.27077430555555554
0 0.6159950396825397 0.2722467757936508 0.6181762566137566 0.2753554067460317 0.6210122354497355 0.2761733630952381 0.6245023148148148 0.27568253968253964 0.6247205687830688 0.2724104662698413 0.6225390211640212 0.27093799603174606 0.6201395502645503 0.2694655257936508 0.6151223544973545 0.2693018353174603 0.6159950396825397 0.2722467757936508
0 0.6037791005291006 0.27600967261904763 0.6009431216931217 0.2783000992063492 0.6009431216931217 0.2786274801587301 0.602470238095238 0.2810815972222222 0.6066147486772487 0.2809179067460318 0.6096689814814814 0.27879092261904764 0.6133773148148148 0.27699131944444444 0.6144679232804233 0.2750280257936508 0.6114140211640211 0.2727375992063492 0.6087962962962963 0.2719196428571429 0.605087962962963 0.2733921130952381 0.6037791005291006 0.27600967261904763
0 0.6269021164021163 0.28517162698412696 0.6275565476190477 0.28746205357142857 0.6327916666666666 0.28533531746031743 0.6358458994708994 0.28386284722222227 0.6358458994708994 0.2810815972222222 0.6351914682539682 0.28075421626984126 0.6317010582010582 0.2797725694444444 0.6275565476190477 0.2833720238095238 0.6269021164021163 0.28517162698412696
0 0.6210122354497355 0.29187946428571426 0.6207939814814815 0.2940064484126984 0.6279927248677248 0.29498809523809527 0.6317010582010582 0.2946607142857143 0.6356276455026455 0.29318824404761906 0.6334460978835978 0.2897527281746031 0.6310466269841271 0.28860739087301585 0.6275565476190477 0.28860739087301585 0.6240661375661375 0.28991617063492064 0.6210122354497355 0.29187946428571426
0 0.5989798280423281 0.3021867559523809 0.6031246693121692 0.30660391865079367 0.6092324735449736 0.30660391865079367 0.6107595899470899 0.3051314484126984 0.6081418650793651 0.3007142857142857 0.6059603174603174 0.2987509920634921 0.6028630952380952 0.2979412202380952 0.5994163359788359 0.29858730158730157 0.5989798280423281 0.3021867559523809
0 0.5778201058201058 0.30922172619047616 0.5793472222222222 0.3136391369047619 0.5832738095238095 0.3146207837301587 0.5863277116402117 0.3138025793650793 0.5861094576719577 0.3108578869047619 0.5854550264550265 0.307422123015873 0.5810922619047619 0.30611309523809527 0.5793472222222222 0.3067676091269841 0.5778201058201058 0.30922172619047616
0 0.5429176587301587 0.37464930555555553 0.5424814814814815 0.37301314484126985 0.5413905423280423 0.37137698412698417 0.5387728174603175 0.37055902777777777 0.5335376984126984 0.3723586309523809 0.5302655423280423 0.375140128968254 0.5296111111111111 0.3767760416666667 0.532010582010582 0.3798846726190476 0.5350644841269842 0.38037549603174603 0.5394272486772487 0.3790664682539682 0.5418270502645502 0.3777576884920635 0.5429176587301587 0.37464930555555553
0 0.5804378306878306 0.3950255456349206 0.5754206349206349 0.39600719246031746 0.573021164021164 0.39780679563492066 0.5734573412698413 0.4007517361111111 0.5758568121693122 0.40271502976190476 0.5793472222222222 0.40287872023809523 0.5854550264550265 0.40140625 0.5863277116402117 0.3991158234126984 0.5848005952380952 0.39666170634920633 0.5821828703703703 0.3951892361111111 0.5804378306878306 0.3950255456349206
0 0.6273382936507936 0.3812827380952381 0.6306104497354497 0.3839002976190476 0.6347549603174604 0.38291865079365084 0.6373726851851852 0.3812827380952381 0.63999041005291 0.37768328373015875 0.6397721560846561 0.37490203373015873 0.6325737433862434 0.37244791666666666 0.6317010582010582 0.3727752976190476 0.631264880952381 0.3755565476190476 0.6290833333333333 0.37866493055555556 0.6273382936507936 0.3812827380952381
0 0.6262476851851851 0.3691758432539683 0.6236299603174603 0.3693395337301587 0.6201395502645503 0.370812003968254 0.619921626984127 0.37342956349206347 0.6231934523809524 0.37539285714285714 0.6301739417989418 0.376047371031746 0.6323554894179894 0.37522916666666667 0.6327916666666666 0.37146626984126985 0.630828373015873 0.370812003968254 0.6266838624338624 0.3693395337301587 0.6262476851851851 0.3691758432539683
0 0.6319193121693122 0.38749975198412695 0.6306104497354497 0.38635441468253967 0.6245023148148148 0.3857001488095238 0.6229755291005291 0.3883177083333333 0.6245023148148148 0.3919171626984127 0.6264656084656085 0.39600719246031746 0.6290833333333333 0.3976433531746032 0.6323554894179894 0.3979704861111111 0.6358458994708994 0.3976433531746032 0.6362820767195767 0.39420758928571425 0.6347549603174604 0.39126264880952377 0.6323554894179894 0.38880853174603175 0.6319193121693122 0.38749975198412695
0 0.6207939814814815 0.39780679563492066 0.619921626984127 0.3976433531746032 0.6157767857142857 0.39993377976190475 0.616212962962963 0.4036966765873016 0.619921626984127 0.4059871031746032 0.6231934523809524 0.4064779265873016 0.6271200396825397 0.4058236607142857 0.6301739417989418 0.40386036706349204 0.630828373015873 0.40238789682539683 0.6264656084656085 0.4000974702380952 0.6219007936507936 0.3990793650793651 0.6207939814814815 0.39780679563492066
0 0.5978892195767196 0.4110590277777778 0.5952714947089948 0.4112224702380952 0.5924355158730159 0.4120406746031746 0.5917810846560847 0.41514905753968256 0.5937443783068783 0.4198936011904762 0.5961441798941799 0.42202058531746034 0.6048697089947089 0.4218568948412698 0.6055241402116402 0.41956646825396826 0.6042152777777777 0.41465823412698416 0.6009431216931217 0.4122041170634921 0.5978892195767196 0.4110590277777778
0 0.5675674603174603 0.4198638392857143 0.5653862433862434 0.42019122023809524 0.561241402116402 0.4231361607142857 0.5618958333333334 0.4257537202380952 0.5632046957671958 0.4285349702380953 0.5662585978835979 0.42886235119047617 0.5714940476190477 0.4286986607142857 0.5745479497354498 0.4285349702380953 0.5769477513227513 0.4260808531746032 0.575202380952381 0.42329960317460313 0.573021164021164 0.42166369047619046 0.5688763227513227 0.4205183531746032 0.5675674603174603 0.4198638392857143
0 0.5533882275132275 0.4350347222222222 0.5505525793650794 0.43830679563492064 0.5516431878306879 0.44256051587301587 0.5544791666666666 0.4430513392857143 0.5603690476190476 0.4427242063492064 0.5629864417989418 0.44108804563492066 0.5629864417989418 0.43830679563492064 0.5601507936507937 0.43683432539682543 0.5570968915343916 0.43585267857142856 0.5538247354497354 0.43601636904761903 0.5533882275132275 0.4350347222222222
0 0.5457533068783068 0.44154910714285717 0.5424814814814815 0.44318526785714285 0.5416087962962963 0.4458028273809524 0.543353835978836 0.45103819444444443 0.5474986772486773 0.4541468253968254 0.5507708333333333 0.4541468253968254 0.552734126984127 0.45251066468253964 0.5529520502645503 0.4490751488095238 0.552297619047619 0.44596651785714286 0.549025462962963 0.442530753968254 0.5457533068783068 0.44154910714285717
0 0.5935264550264551 0.43732514880952383 0.5961441798941799 0.4412517361111111 0.6002886904761905 0.441578869047619 0.6033425925925926 0.4414154265873016 0.6066147486772487 0.439124751984127 0.6092324735449736 0.4365071924603175 0.6037791005291006 0.4350347222222222 0.6031246693121692 0.4350347222222222 0.600641865079365 0.4345374503968254 0.5948353174603175 0.43601636904761903 0.5935264550264551 0.43732514880952383
0 0.5972347883597884 0.4572849702380952 0.5922175925925925 0.45957564484126984 0.5926537698412698 0.46448363095238093 0.5961441798941799 0.46628348214285714 0.6011613756613756 0.4671014384920635 0.6039970238095238 0.4666106150793651 0.6083601190476191 0.46448363095238093 0.6055241402116402 0.46235689484126985 0.6031246693121692 0.4605572916666667 0.5994163359788359 0.4582666170634921 0.5972347883597884 0.4572849702380952
0 0.6033425925925926 0.4736455853174603 0.6077056878306878 0.4741364087301588 0.6107595899470899 0.4736455853174603 0.6142496693121693 0.4710280257936508 0.6151223544973545 0.4679193948412699 0.6098869047619048 0.46595610119047615 0.6076223544973545 0.46713963293650795 0.6044335317460318 0.46955555555555556 0.6033425925925926 0.4736455853174603
0 0.619921626984127 0.4666106150793651 0.6179583333333333 0.46775595238095236 0.6168673941798941 0.47021006944444443 0.6179583333333333 0.4747909226190476 0.6203578042328042 0.47871750992063494 0.6223210978835978 0.4792083333333333 0.6271200396825397 0.47740873015873014 0.6262476851851851 0.47233680555555557 0.6245023148148148 0.4680830853174603 0.619921626984127 0.4666106150793651
0 0.6279927248677248 0.4731547619047619 0.6290833333333333 0.4759362599206349 0.6338826058201058 0.4770813492063492 0.6386815476190476 0.4749546130952381 0.6404265873015873 0.472827628968254 0.6388998015873015 0.4687375992063492 0.6360638227513228 0.46775595238095236 0.6332281746031746 0.46775595238095236 0.6295198412698413 0.4687375992063492 0.6271200396825397 0.4693918650793651 0.6262476851851851 0.47053720238095237 0.6279927248677248 0.4731547619047619
0 0.6351914682539682 0.4770813492063492 0.6332281746031746 0.47822668650793654 0.6325737433862434 0.4795354662698413 0.6334460978835978 0.48313492063492064 0.634537037037037 0.48558878968253966 0.6354093915343916 0.48640699404761906 0.63999041005291 0.48755208333333333 0.6428263888888889 0.4865704365079365 0.6436987433862434 0.4834620535714286 0.6428263888888889 0.48182589285714283 0.6393359788359788 0.4765905257936508 0.637154761904762 0.47511805555555553 0.6351914682539682 0.4770813492063492
0 0.616212962962963 0.48493452380952384 0.6138134920634921 0.48509821428571426 0.610541335978836 0.4859161706349206 0.6085780423280422 0.48869742063492067 0.6096689814814814 0.49000620039682535 0.6118501984126984 0.4919694940476191 0.6135952380952381 0.49246031746031743 0.6170856481481481 0.49295114087301584 0.6229755291005291 0.4916423611111111 0.625156746031746 0.4896790674603175 0.6258111772486772 0.48755208333333333 0.6240661375661375 0.4857524801587302 0.6221028439153439 0.4854253472222222 0.6175218253968254 0.4852616567460318 0.616212962962963 0.48493452380952384
0 0.6103234126984127 0.4816624503968254 0.6098869047619048 0.4841165674603175 0.6131590608465608 0.48493452380952384 0.6151223544973545 0.4847708333333333 0.6173039021164022 0.48313492063492064 0.619485119047619 0.4810079365079365 0.619921626984127 0.47871750992063494 0.619921626984127 0.4770813492063492 0.6166494708994709 0.4754454365079365 0.6138134920634921 0.4759362599206349 0.6109775132275133 0.4785538194444444 0.6103234126984127 0.4816624503968254
0 0.5852371031746032 0.5002837301587302 0.5839282407407407 0.5022470238095238 0.5821828703703703 0.5045374503968254 0.584146164021164 0.506500744047619 0.5872003968253968 0.5066644345238095 0.590036044973545 0.5060099206349207 0.5948353174603175 0.5048645833333334 0.599198082010582 0.5042103174603175 0.6009431216931217 0.5002837301587302 0.5994163359788359 0.49881125992063496 0.5972347883597884 0.49815674603174603 0.5930899470899471 0.4979933035714286 0.5904725529100529 0.498484126984127 0.5876365740740741 0.49995659722222224 0.5852371031746032 0.5002837301587302
0 0.5512070105820106 0.49518229166666666 0.549025462962963 0.49616369047619047 0.5450988756613756 0.49959945436507935 0.5453171296296296 0.5009084821428571 0.5483710317460317 0.5028715277777778 0.5516431878306879 0.5033623511904762 0.5555697751322751 0.5033623511904762 0.5603690476190476 0.5036897321428572 0.5658224206349206 0.5031989087301587 0.5675674603174603 0.49943601190476195 0.5658224206349206 0.49616369047619047 0.5614596560846561 0.4943640873015873 0.5590601851851852 0.4940369543650794 0.5553515211640212 0.49469146825396826 0.5512070105820106 0.49518229166666666
0 0.5503343253968254 0.5083003472222223 0.5488075396825397 0.5069915674603175 0.546844246031746 0.5051919642857142 0.5435720899470899 0.5047011408730159 0.5416087962962963 0.5060099206349207 0.5409543650793651 0.5079732142857143 0.5413905423280423 0.5107544642857144 0.5442265211640211 0.5125540674603174 0.5483710317460317 0.5148447420634921 0.5503343253968254 0.5150081845238095 0.5536064814814815 0.5122269345238095 0.5511438492063493 0.5097366071428571 0.5503343253968254 0.5083003472222223
0 0.6238478835978836 0.5790079365079365 0.625593253968254 0.5812983630952381 0.6290833333333333 0.5790079365079365 0.6303921957671957 0.5773717757936508 0.630828373015873 0.5740997023809524 0.6303921957671957 0.5706639384920634 0.6279927248677248 0.5690280257936507 0.6236299603174603 0.5693551587301587 0.6221028439153439 0.5713184523809524 0.6225390211640212 0.5737725694444444 0.6223210978835978 0.576390128968254 0.6238478835978836 0.5790079365079365
0 0.5893148148148148 0.6021413690476191 0.5917142857142857 0.6063950892857143 0.5978224206349206 0.6063950892857143 0.6045846560846561 0.6067224702380952 0.6063296957671958 0.6047591765873016 0.6034940476190476 0.599687251984127 0.599131283068783 0.5983784722222222 0.5954226190476191 0.5977239583333334 0.5947681878306879 0.5972331349206349 0.5914960317460317 0.5980513392857143 0.5886603835978835 0.599687251984127 0.5893148148148148 0.6021413690476191
0 0.5890965608465609 0.6093400297619047 0.5880059523809524 0.6113033234126984 0.5919325396825397 0.6140845734126984 0.5976041666666666 0.6134303075396825 0.6013124999999999 0.6129394841269841 0.6026213624338624 0.6108125 0.6002218915343915 0.60803125 0.5984768518518518 0.6062316468253969 0.5943320105820106 0.6060679563492064 0.592368716931217 0.6072132936507937 0.5890965608465609 0.6093400297619047
0 0.5766626984126983 0.6171932043650794 0.5755717592592593 0.6206289682539683 0.5784077380952382 0.621937748015873 0.5845155423280424 0.6207924107142857 0.589750992063492 0.6198107638888889 0.5917142857142857 0.6171932043650794 0.589969246031746 0.6149027777777778 0.5856064814814815 0.61359375 0.5823343253968254 0.61359375 0.580588955026455 0.613921130952381 0.5766626984126983 0.6171932043650794
0 0.5945502645502646 0.6214469246031746 0.6006580687830688 0.6235736607142857 0.6050208333333333 0.6232465277777778 0.606984126984127 0.6207924107142857 0.6043664021164021 0.6170295138888888 0.6021851851851852 0.6152299107142857 0.5971679894179894 0.6160478670634921 0.5949864417989418 0.6168658234126984 0.5945502645502646 0.6214469246031746
0 0.61592791005291 0.6199744543650794 0.6117833994708994 0.6217740575396825 0.6106924603174603 0.6243918650793651 0.6128740079365079 0.6255369543650794 0.6187638888888889 0.6258643353174603 0.6233449074074073 0.6255369543650794 0.625089947089947 0.6237373511904762 0.6253082010582011 0.6207924107142857 0.6222539682539682 0.6203015873015874 0.6170188492063492 0.6196473214285715 0.61592791005291 0.6199744543650794
0 0.6115651455026455 0.6385362103174603 0.6137466931216932 0.6400086805555555 0.6185456349206349 0.6391907242063493 0.6202906746031747 0.6369002976190477 0.6213816137566137 0.6326465773809524 0.6170188492063492 0.629374255952381 0.6144011243386244 0.6308467261904762 0.6102562830687831 0.6341190476190476 0.6115651455026455 0.6385362103174603
0 0.627489417989418 0.6481889880952381 0.6259626322751323 0.6486798115079365 0.625089947089947 0.6508067956349206 0.6263988095238096 0.6532609126984127 0.6287982804232805 0.6539151785714286 0.6325066137566138 0.6539151785714286 0.6342519841269841 0.6535880456349206 0.6381782407407408 0.6521155753968254 0.6353425925925926 0.6498251488095238 0.6309798280423281 0.648843501984127 0.627489417989418 0.6481889880952381
0 0.6325066137566138 0.6609503968253969 0.6349064153439153 0.6630771329365079 0.6379603174603174 0.6629136904761904 0.6399236111111111 0.6607867063492063 0.6405780423280423 0.6576780753968253 0.6399236111111111 0.6555513392857143 0.63926917989418 0.655060515873016 0.6342519841269841 0.654733382936508 0.6318521825396826 0.6563692956349206 0.6325066137566138 0.6609503968253969
0 0.6102562830687831 0.6589871031746032 0.6117833994708994 0.6619320436507936 0.6146190476190476 0.6632408234126984 0.6174550264550265 0.6624228670634921 0.6187638888888889 0.6601321924603174 0.6196362433862433 0.6563692956349206 0.6196362433862433 0.654733382936508 0.6152734788359788 0.6535880456349206 0.6124378306878306 0.6555513392857143 0.6102562830687831 0.6589871031746032
0 0.5607384259259259 0.6789618055555555 0.5635740740740741 0.6825612599206349 0.5668462301587301 0.6825612599206349 0.5690277777777778 0.6810887896825397 0.5703366402116402 0.679452628968254 0.5705545634920635 0.6766713789682539 0.569682208994709 0.6742172619047619 0.5685912698412698 0.673562748015873 0.5641527777777778 0.6725096726190477 0.5611746031746032 0.6753625992063492 0.5607384259259259 0.6789618055555555
0 0.6010942460317461 0.6765076884920636 0.6013124999999999 0.6789618055555555 0.6065479497354498 0.6807614087301587 0.610474537037037 0.6799434523809524 0.6139646164021164 0.6784709821428571 0.61592791005291 0.6750352182539683 0.6148373015873015 0.6725811011904762 0.6124378306878306 0.6717631448412699 0.6091656746031746 0.6720902777777777 0.6052390873015873 0.6747080853174603 0.6010942460317461 0.6765076884920636
0 0.6209451058201059 0.6727447916666667 0.625089947089947 0.6725811011904762 0.6279259259259259 0.6711086309523809 0.6270532407407408 0.6660369543650793 0.6237810846560847 0.6639099702380953 0.6226904761904762 0.6639099702380953 0.6196362433862433 0.664891617063492 0.6194183201058201 0.6699635416666667 0.6209451058201059 0.6727447916666667
0 0.6283621031746032 0.6709451884920635 0.627707671957672 0.6743809523809523 0.6327248677248677 0.6765076884920636 0.6388326719576719 0.6750352182539683 0.6405780423280423 0.6742172619047619 0.6429775132275133 0.6684910714285714 0.6410142195767196 0.6666914682539682 0.6373058862433862 0.6662006448412698 0.6335975529100529 0.6678365575396825 0.6303253968253968 0.6701272321428572 0.6283621031746032 0.6709451884920635
0 0.6272714947089947 0.6768350694444444 0.6303253968253968 0.6799434523809524 0.6338154761904762 0.6802705853174603 0.6379603174603174 0.6805979662698413 0.6401415343915344 0.6787981150793652 0.6390509259259259 0.676344246031746 0.6357787698412698 0.6753625992063492 0.6333792989417989 0.6745443948412698 0.6298333333333334 0.6739375 0.6287982804232805 0.6743809523809523 0.6272714947089947 0.6768350694444444
0 0.6259626322751323 0.6923477182539682 0.6253082010582011 0.6951289682539683 0.6298888888888889 0.6954563492063491 0.6329431216931217 0.6951289682539683 0.636651455026455 0.693983878968254 0.6388326719576719 0.691202628968254 0.6381782407407408 0.6887485119047619 0.6355608465608465 0.6874394841269841 0.6338154761904762 0.6874394841269841 0.6311025132275132 0.6886917162698413 0.627707671957672 0.6900572916666667 0.6259626322751323 0.6923477182539682
0 0.6205089285714286 0.7070724206349207 0.6237810846560847 0.7095262896825397 0.6259626322751323 0.7098536706349207 0.6285800264550264 0.7090354662698413 0.6303253968253968 0.7059270833333333 0.6296709656084656 0.7031458333333332 0.627707671957672 0.6997100694444445 0.625089947089947 0.6982375992063492 0.6209451058201059 0.6998737599206349 0.6194183201058201 0.7039637896825397 0.6205089285714286 0.7070724206349207
0 0.5766626984126983 0.7132596726190475 0.5744811507936508 0.7157137896825396 0.5773171296296297 0.7184950396825397 0.5827705026455027 0.7183313492063492 0.5862609126984127 0.7176768353174603 0.5888786375661376 0.7160409226190477 0.5882242063492064 0.713750496031746 0.5853882275132275 0.7114598214285714 0.5818978174603175 0.7114598214285714 0.5792804232804233 0.7119506448412698 0.5766626984126983 0.7132596726190475
0 0.6089474206349207 0.7237304067460317 0.6128740079365079 0.727329613095238 0.6157099867724868 0.7284749503968253 0.6178912037037037 0.7250391865079365 0.6178912037037037 0.7227487599206349 0.6146190476190476 0.7206217757936508 0.6111127645502645 0.7182003968253968 0.607202380952381 0.7207854662698412 0.6089474206349207 0.7237304067460317
0 0.6318521825396826 0.7274933035714286 0.6346881613756614 0.7292929067460318 0.6373058862433862 0.7284749503968253 0.6381782407407408 0.7245483630952381 0.6353425925925926 0.7209491567460318 0.6340337301587301 0.7198038194444444 0.6317371031746032 0.7205801091269841 0.6309798280423281 0.7234030257936508 0.6318521825396826 0.7274933035714286
0 0.636869708994709 0.7302745535714286 0.6379603174603174 0.7327286706349206 0.6418869047619048 0.7338740079365079 0.6449408068783069 0.7340374503968254 0.647776455026455 0.7314198908730158 0.6490853174603175 0.7276569940476191 0.6469041005291005 0.7256937003968253 0.644722552910053 0.7243846726190476 0.6409384920634921 0.7241495535714286 0.6390509259259259 0.727329613095238 0.636869708994709 0.7302745535714286
0 0.625089947089947 0.7364915674603175 0.6239993386243387 0.7386185515873016 0.6263988095238096 0.7420543154761905 0.63054332010582 0.7423814484126985 0.6346881613756614 0.7412361111111112 0.6377420634920634 0.7378005952380952 0.6381782407407408 0.7350190972222223 0.6362152777777778 0.7337103174603175 0.6322886904761904 0.7320741567460317 0.6270532407407408 0.7346919642857143 0.625089947089947 0.7364915674603175
0 0.5199457671957672 0.7447909226190476 0.522345238095238 0.7433184523809524 0.5232179232804233 0.7416822916666667 0.5227817460317461 0.7385739087301587 0.5197278439153439 0.7362834821428572 0.5166736111111111 0.7349744543650794 0.5120929232804232 0.7339928075396825 0.5103475529100528 0.7357926587301588 0.511438492063492 0.7389010416666666 0.5125291005291005 0.7411914682539682 0.5140558862433863 0.7421731150793651 0.5179824735449735 0.7446272321428571 0.5199457671957672 0.7447909226190476
0 0.5919325396825397 0.761047371031746 0.5956408730158731 0.7621927083333333 0.5984768518518518 0.7615381944444445 0.6004398148148148 0.7584298115079365 0.6024031084656084 0.7546666666666666 0.601530753968254 0.7520491071428572 0.5971679894179894 0.7510674603174603 0.5956408730158731 0.7510674603174603 0.5936775793650794 0.7523762400793651 0.5912781084656085 0.7567936507936508 0.5919325396825397 0.761047371031746
0 0.6054573412698413 0.749922123015873 0.6037119708994709 0.7533578869047619 0.6041484788359788 0.758593253968254 0.6067662037037037 0.7605565476190476 0.6135284391534391 0.7617018849206348 0.61592791005291 0.7599020337301587 0.6157099867724868 0.7540124007936507 0.612655753968254 0.7507403273809524 0.6082929894179895 0.750249503968254 0.6054573412698413 0.749922123015873
0 0.5212546296296295 0.804968253968254 0.5253994708994709 0.8061133432539682 0.5293260582010582 0.8056225198412699 0.5299804894179895 0.8038229166666667 0.5273627645502645 0.8007142857142857 0.5240906084656084 0.7984238591269841 0.5206001984126984 0.7976059027777778 0.5187794312169313 0.7988730158730158 0.5199457671957672 0.8013687996031746 0.5212546296296295 0.804968253968254
0 0.5155830026455026 0.8275458829365079 0.5140558862433863 0.8262368551587302 0.5092569444444445 0.8247643849206349 0.5070753968253968 0.8257460317460317 0.5059847883597883 0.8265642361111111 0.5070753968253968 0.8295089285714285 0.5094751984126984 0.8327812499999999 0.5131835317460317 0.8335992063492064 0.5162374338624339 0.8332720734126985 0.5186369047619047 0.8311450892857143 0.5158012566137565 0.8286909722222222 0.5155830026455026 0.8275458829365079