0 0.2549005934718101 0.26537450396825396 0.2553041543026706 0.26132638888888887 0.24924999999999997 0.25565873015873014 0.24279154302670625 0.2553883928571429 0.2343152818991098 0.2580873015873016 0.23471884272997035 0.2629454365079365 0.23512240356083086 0.2640252976190476 0.23996661721068252 0.26942261904761905 0.24924999999999997 0.2675337301587301 0.2549005934718101 0.26537450396825396
0 0.2666060830860534 0.2794087301587302 0.26741320474777447 0.2826473214285714 0.272660237388724 0.28426686507936505 0.2787151335311573 0.28021825396825395 0.27750370919881306 0.2726617063492064 0.2714495548961424 0.2680734126984127 0.267816765578635 0.27104216269841275 0.267816765578635 0.27563045634920635 0.2666060830860534 0.2794087301587302
0 0.4349206231454006 0.35149355158730156 0.4341135014836795 0.3568913690476191 0.4546988130563798 0.36066964285714287 0.4587351632047478 0.3568913690476191 0.45752373887240355 0.3520332341269841 0.452276706231454 0.349874503968254 0.44178264094955494 0.34906448412698415 0.4349206231454006 0.35149355158730156
0 0.37235756676557863 0.3779429563492063 0.375183234421365 0.38091170634920635 0.38002670623145396 0.38280059523809523 0.38244881305637984 0.3744340277777778 0.3780081602373887 0.3690362103174603 0.37104821958456974 0.36861954365079364 0.3691283382789317 0.3717351190476191 0.37235756676557863 0.3779429563492063
0 0.302933234421365 0.39428323412698413 0.30979451038575667 0.39482291666666663 0.3122166172106825 0.38753621031746033 0.29766023738872405 0.38000396825396826 0.2964747774480712 0.3859166666666667 0.302933234421365 0.39428323412698413
0 0.3158494065281899 0.4034593253968254 0.3219035608308605 0.4064285714285714 0.3299762611275964 0.40804761904761905 0.33603041543026707 0.40669841269841267 0.33804896142433233 0.39995089285714286 0.3319940652818991 0.39590277777777777 0.32392210682492584 0.39428323412698413 0.31544584569732936 0.39590277777777777 0.3158494065281899 0.4034593253968254
0 0.2278575667655786 0.41764087301587305 0.23512240356083086 0.4171011904761905 0.24400222551928785 0.41143353174603176 0.24803857566765578 0.40549603174603177 0.24763501483679526 0.4022574404761905 0.23270103857566765 0.4022574404761905 0.23068249258160237 0.40387648809523813 0.23190504451038577 0.40669841269841267 0.223013353115727 0.4119732142857143 0.2278575667655786 0.41764087301587305
0 0.24561721068249256 0.4138625992063492 0.24924999999999997 0.4184508928571428 0.2565148367952522 0.4184508928571428 0.26822032640949556 0.4160218253968254 0.2649910979228487 0.41116369047619045 0.2609554896142433 0.41062400793650794 0.2516713649851632 0.4108938492063492 0.2472314540059347 0.41278323412698414 0.24561721068249256 0.4138625992063492
0 0.23835163204747775 0.42573759920634924 0.24037017804154304 0.42762698412698413 0.24602077151335314 0.42951636904761903 0.24965356083086054 0.42951636904761903 0.24924999999999997 0.42627728174603174 0.24359866468842728 0.4219593253968254 0.24158086053412464 0.420609623015873 0.23895029673590507 0.41847519841269837 0.23673738872403563 0.420609623015873 0.23835163204747775 0.42573759920634924
0 0.25812982195845696 0.4346438492063492 0.2637804154302671 0.43545386904761907 0.26822032640949556 0.43545386904761907 0.2710459940652819 0.43248511904761905 0.2694317507418398 0.4303258928571429 0.26700964391691395 0.4270873015873016 0.2625697329376855 0.4251979166666666 0.2557077151335312 0.4241185515873016 0.253286350148368 0.42573759920634924 0.25247848664688427 0.42924603174603176 0.2544970326409496 0.4327549603174603 0.25812982195845696 0.4346438492063492
0 0.2637804154302671 0.42438839285714286 0.2666060830860534 0.42573759920634924 0.272660237388724 0.4227688492063492 0.2787151335311573 0.41818055555555556 0.27629302670623146 0.4144022817460317 0.272660237388724 0.41548164682539684 0.26741320474777447 0.4198000992063492 0.2641839762611276 0.4238482142857143 0.2637804154302671 0.42438839285714286
0 0.26822032640949556 0.43059573412698415 0.27306379821958454 0.4341041666666667 0.2783115727002967 0.4341041666666667 0.28315504451038576 0.4314052579365079 0.28396216617210684 0.4268174603174603 0.28113649851632044 0.42438839285714286 0.27427522255192877 0.4260074404761905 0.2714495548961424 0.4278968253968254 0.26822032640949556 0.43059573412698415
0 0.30858382789317507 0.4327549603174603 0.3138308605341246 0.4322147817460318 0.31544584569732936 0.42870634920634926 0.30979451038575667 0.4246582341269841 0.3057581602373887 0.4227688492063492 0.3023575667655786 0.4251488095238095 0.3041439169139466 0.42951636904761903 0.30858382789317507 0.4327549603174603
0 0.3134272997032641 0.4448998015873016 0.3122166172106825 0.4484082341269841 0.317463649851632 0.4508373015873016 0.3194814540059347 0.4511071428571429 0.32472922848664687 0.45002777777777775 0.32634347181008905 0.44759871031746035 0.32432566765578635 0.4435505952380952 0.3219035608308605 0.4411215277777778 0.317463649851632 0.43923214285714285 0.3146379821958457 0.4397718253968254 0.3134272997032641 0.4448998015873016
0 0.2625697329376855 0.44507142857142856 0.2641839762611276 0.4480401785714286 0.26822032640949556 0.4510089285714286 0.2722566765578635 0.4520887896825397 0.27467878338278934 0.4528983134920635 0.28355860534124633 0.4510089285714286 0.28194436201780415 0.44723065476190477 0.27992581602373884 0.44426190476190475 0.2714495548961424 0.4399434523809524 0.2649910979228487 0.4399434523809524 0.2625697329376855 0.44507142857142856
0 0.24844287833827894 0.4584677579365079 0.25086424332344215 0.46251636904761906 0.25247848664688427 0.4633258928571429 0.2573227002967359 0.4638655753968254 0.26055118694362017 0.4617063492063492 0.2625697329376855 0.4590074404761905 0.2585333827893175 0.4546894841269841 0.2549005934718101 0.45387996031746036 0.2549005934718101 0.45226041666666666 0.25086424332344215 0.45441964285714287 0.24844287833827894 0.4584677579365079
0 0.23754451038575666 0.45630853174603175 0.23835163204747775 0.46008730158730154 0.24319510385756676 0.4614365079365079 0.24803857566765578 0.46008730158730154 0.24884643916913946 0.45630853174603175 0.24763501483679526 0.45333978174603173 0.24188575667655787 0.45066567460317464 0.23915875370919884 0.4528000992063492 0.23754451038575666 0.45630853174603175
0 0.23471884272997035 0.46612301587301586 0.23714094955489615 0.4699012896825397 0.24319510385756676 0.4726001984126984 0.25207492581602375 0.47367956349206347 0.25247848664688427 0.4699012896825397 0.24884643916913946 0.46639285714285716 0.24481008902077153 0.4650431547619048 0.23996661721068252 0.46342410714285714 0.23633382789317506 0.4631542658730159 0.23471884272997035 0.46612301587301586
0 0.25812982195845696 0.4766488095238095 0.25812982195845696 0.48177628968253966 0.2641839762611276 0.4836656746031746 0.2714495548961424 0.4833958333333333 0.27669658753709203 0.48177628968253966 0.2779080118694362 0.4779980158730159 0.2754859050445104 0.476108630952381 0.2686238872403561 0.4752991071428571 0.2645875370919881 0.4747594246031746 0.25812982195845696 0.4766488095238095
0 0.27588946587537094 0.47017113095238094 0.2807329376854599 0.46963144841269844 0.28194436201780415 0.46828224206349206 0.28436572700296736 0.4639637896825397 0.27710014836795255 0.4582961309523809 0.2722566765578635 0.45856597222222223 0.26741320474777447 0.4599156746031746 0.2649910979228487 0.4650431547619048 0.2702388724035608 0.4677420634920635 0.27588946587537094 0.47017113095238094
0 0.28517284866468845 0.49853422619047616 0.2871913946587537 0.5023125 0.29324554896142435 0.5025823412698412 0.29808902077151334 0.5009632936507936 0.30252893175074186 0.49799454365079365 0.3045474777448071 0.4915168650793651 0.30010756676557865 0.4901676587301587 0.2948605341246291 0.4893576388888889 0.2896127596439169 0.49178670634920635 0.28709272997032637 0.49502579365079363 0.28517284866468845 0.49853422619047616
0 0.2791186943620178 0.5131081349206349 0.2783115727002967 0.516076884920635 0.2795222551928783 0.5195853174603174 0.28275148367952524 0.5217445436507936 0.2871913946587537 0.5225540674603175 0.2956676557863501 0.523094246031746 0.2997040059347181 0.5217445436507936 0.2984925816023739 0.518236111111111 0.2960712166172107 0.5152673611111112 0.29243842729970326 0.5136478174603174 0.2859799703264095 0.5139176587301587 0.2791186943620178 0.5131081349206349
0 0.23996661721068252 0.5236339285714285 0.24319510385756676 0.5239037698412699 0.24481008902077153 0.5233640873015873 0.2504606824925816 0.522014384920635 0.2536899109792285 0.5185059523809524 0.25005712166172106 0.5158070436507937 0.24400222551928785 0.5158070436507937 0.24077373887240355 0.5174265873015873 0.23754451038575666 0.5217445436507936 0.23996661721068252 0.5236339285714285
0 0.2536899109792285 0.5317306547619048 0.2573227002967359 0.5311904761904762 0.2637804154302671 0.5282217261904761 0.2653954005934718 0.5233640873015873 0.2621661721068249 0.522014384920635 0.25691913946587536 0.5222842261904762 0.25207492581602375 0.5239037698412699 0.24924999999999997 0.526062996031746 0.24521364985163205 0.5284915674603174 0.2536899109792285 0.5317306547619048
0 0.23391172106824926 0.5373983134920635 0.23633382789317506 0.5400972222222222 0.24158086053412464 0.5406369047619047 0.24481008902077153 0.5392872023809524 0.24682789317507417 0.5365882936507936 0.24602077151335314 0.5346994047619047 0.24117729970326413 0.5306507936507936 0.23593026706231454 0.5311904761904762 0.2343152818991098 0.5322703373015873 0.2330793768545994 0.537422619047619 0.23391172106824926 0.5373983134920635
0 0.24924999999999997 0.5406369047619047 0.25005712166172106 0.5446850198412698 0.254093471810089 0.5465744047619048 0.2601476261127596 0.5476537698412698 0.2649910979228487 0.5473839285714286 0.2690274480712166 0.5444151785714285 0.26620252225519286 0.5406369047619047 0.2617626112759644 0.5400972222222222 0.25772626112759645 0.5398268849206349 0.2516713649851632 0.5400972222222222 0.24924999999999997 0.5406369047619047
0 0.27669658753709203 0.5436056547619048 0.2754859050445104 0.5476537698412698 0.2783115727002967 0.5500828373015874 0.28355860534124633 0.5519722222222223 0.2871913946587537 0.5517023809523809 0.2944569732937685 0.5500828373015874 0.29243842729970326 0.5476537698412698 0.2871913946587537 0.5452247023809523 0.28355860534124633 0.543875496031746 0.27992581602373884 0.5422559523809525 0.27669658753709203 0.5436056547619048
0 0.262973293768546 0.5325401785714287 0.2666060830860534 0.5360486111111111 0.2702388724035608 0.537937996031746 0.2722566765578635 0.5387475198412699 0.28355860534124633 0.5373983134920635 0.2823479228486647 0.5333497023809524 0.27629302670623146 0.5325401785714287 0.2710459940652819 0.532000496031746 0.2653954005934718 0.5322703373015873 0.262973293768546 0.5325401785714287
0 0.23552596439169138 0.554671130952381 0.23835163204747775 0.5576398809523809 0.24440652818991096 0.5587192460317459 0.24844287833827894 0.5584494047619047 0.25005712166172106 0.5581795634920634 0.2536899109792285 0.5549409722222222 0.25126780415430267 0.552781746031746 0.24884643916913946 0.5522420634920635 0.24319510385756676 0.5530515873015873 0.23953709198813058 0.5535178571428572 0.23552596439169138 0.554671130952381
0 0.254093471810089 0.5557504960317461 0.2536899109792285 0.5579097222222222 0.2573227002967359 0.5627678571428572 0.2625697329376855 0.564656746031746 0.2666060830860534 0.5641170634920635 0.2690274480712166 0.5595292658730159 0.26620252225519286 0.5579097222222222 0.262973293768546 0.5544012896825397 0.25691913946587536 0.5535912698412698 0.254093471810089 0.5557504960317461
0 0.27508234421364985 0.5687053571428572 0.27427522255192877 0.571674107142857 0.272660237388724 0.5749126984126983 0.27669658753709203 0.5773417658730159 0.2823479228486647 0.5773417658730159 0.28315504451038576 0.5754523809523809 0.28315504451038576 0.5730233134920635 0.28476928783382793 0.5687053571428572 0.28122181008902075 0.5668650793650793 0.27508234421364985 0.5687053571428572
0 0.5616609792284867 0.6183893849206349 0.5697336795252226 0.6175798611111111 0.5721557863501483 0.6119122023809523 0.5673123145400594 0.6097529761904762 0.5612574183976261 0.611642361111111 0.557746290801187 0.6167207341269841 0.5616609792284867 0.6183893849206349
0 0.2783115727002967 0.7566463293650794 0.27387166172106825 0.7539474206349207 0.26741320474777447 0.7525977182539683 0.2613590504451039 0.7542172619047619 0.25893694362017805 0.758265376984127 0.2633768545994065 0.7598849206349206 0.2710459940652819 0.7628536706349206 0.2779080118694362 0.7650128968253969 0.281540059347181 0.7639330357142857 0.28194436201780415 0.759345238095238 0.2779080118694362 0.757186011904762 0.2783115727002967 0.7566463293650794
0 0.37235756676557863 0.8881066468253969 0.3707433234421365 0.8908055555555555 0.3788160237388724 0.8910753968253968 0.38204451038575665 0.8886463293650794 0.3864844213649852 0.8867574404761904 0.384870178041543 0.8832485119047618 0.38204451038575665 0.8821691468253968 0.38244881305637984 0.8818993055555556 0.37720103857566767 0.8848680555555556 0.37235756676557863 0.8881066468253969
0 0.26055118694362017 0.9240019841269841 0.254093471810089 0.9229221230158731 0.24763501483679526 0.9245416666666667 0.24763501483679526 0.9285897817460318 0.254093471810089 0.9315590277777778 0.2561112759643917 0.9320987103174604 0.2641839762611276 0.9318288690476191 0.2641839762611276 0.9285897817460318 0.2609554896142433 0.9250813492063492 0.26055118694362017 0.9240019841269841
0 0.23270103857566765 0.9731215277777778 0.23148961424332345 0.9742013888888889 0.22906824925816024 0.9820282738095238 0.23471884272997035 0.984187003968254 0.24238798219584567 0.9812182539682539 0.24884643916913946 0.9804087301587301 0.24965356083086054 0.978249503968254 0.24844287833827894 0.973391369047619 0.24481008902077153 0.9731215277777778 0.23875519287833827 0.9742013888888889 0.23391172106824926 0.9758204365079365 0.23270103857566765 0.9731215277777778
0 0.4902181008902077 0.9434092261904762 0.4958694362017804 0.9423298611111112 0.49546513353115723 0.9393611111111111 0.4906216617210682 0.9363923611111111 0.4861817507418398 0.9355828373015873 0.4857781899109792 0.9404404761904762 0.4902181008902077 0.9434092261904762
0 0.5543961424332344 0.9892906746031747 0.5588360534124629 0.9914494047619047 0.5648902077151335 0.9911795634920635 0.5769992581602373 0.988750496031746 0.57336646884273 0.9838928571428571 0.5656973293768546 0.9828129960317461 0.5584317507418397 0.9847023809523809 0.5515704747774481 0.9890208333333333 0.5543961424332344 0.9892906746031747
0 0.5608538575667655 0.9965773809523809 0.5616609792284867 0.9990064484126985 0.5697336795252226 0.9968472222222222 0.5729629080118694 0.9957678571428572 0.5717522255192878 0.9930689484126984 0.5665044510385757 0.9925292658730159 0.5640830860534125 0.9938784722222223 0.5608538575667655 0.9965773809523809
0 0.25247848664688427 0.7897688492063492 0.2565148367952522 0.7908487103174604 0.25772626112759645 0.7884196428571428 0.2553041543026706 0.7849107142857144 0.25126780415430267 0.7822118055555556 0.24965356083086054 0.784640873015873 0.25247848664688427 0.7897688492063492
0 0.6032351632047477 0.5109489087301587 0.6064643916913947 0.5139176587301587 0.6137299703264095 0.5120287698412699 0.6145370919881306 0.5077103174603175 0.6129221068249259 0.50528125 0.6068679525222552 0.5025823412698412 0.605253709198813 0.5001532738095238 0.6024280415430266 0.5031220238095238 0.6032351632047477 0.5109489087301587