0 0.34606746031746033 0.2100503472222222 0.34412334656084653 0.2144248511904762 0.3467156084656085 0.21879935515873014 0.35060383597883604 0.21977132936507937 0.35838095238095236 0.22025744047619047 0.3674537037037037 0.2173410218253968 0.3681018518518519 0.21150843253968254 0.3668058862433862 0.20713392857142857 0.3622691798941799 0.20567584325396823 0.35838095238095236 0.20567584325396823 0.3538442460317461 0.20616195436507936 0.34783862433862434 0.20573387896825396 0.34606746031746033 0.2100503472222222
0 0.6649193121693121 0.20664781746031743 0.6603829365079366 0.2173410218253968 0.6642714947089947 0.2222016369047619 0.6746405423280424 0.22317385912698412 0.6843617724867725 0.22025744047619047 0.6895462962962964 0.21296651785714288 0.6843617724867725 0.20713392857142857 0.6772328042328042 0.20616195436507936 0.6726964285714285 0.20567584325396823 0.6649193121693121 0.20664781746031743
0 0.34494014550264546 0.28717435515873013 0.3466703042328042 0.2861364087301587 0.3473621031746032 0.28380084325396826 0.3473621031746032 0.28146527777777774 0.34390211640211643 0.2791297123015873 0.3380198412698413 0.2788700396825397 0.3324837962962963 0.2812056051587301 0.3304077380952381 0.2848387896825397 0.3304077380952381 0.28743377976190476 0.33386772486772487 0.2887313988095238 0.3372040343915344 0.2887624007936508 0.3387119708994709 0.2887313988095238 0.34494014550264546 0.28717435515873013
0 0.33109953703703704 0.2936622023809524 0.32798544973544974 0.29625719246031745 0.3269474206349206 0.3001498015873016 0.32971560846560843 0.3032638888888889 0.33282969576719573 0.30559945436507935 0.3380198412698413 0.3063779761904762 0.3428640873015873 0.30300446428571426 0.34390211640211643 0.30092832341269843 0.3418260582010582 0.29703571428571424 0.3380198412698413 0.2944407242063492 0.33421362433862434 0.29418105158730157 0.33109953703703704 0.2936622023809524
0 0.3366359126984127 0.33336681547619046 0.33490575396825395 0.33544295634920634 0.33732771164021164 0.33985466269841275 0.3435562169312169 0.34167113095238094 0.34978439153439156 0.33985466269841275 0.3546283068783069 0.3341453373015873 0.35428240740740735 0.32999330357142853 0.34978439153439156 0.3279171626984127 0.3473621031746032 0.3268792162698413 0.3442480158730159 0.32713864087301586 0.34148015873015874 0.32843625992063497 0.33905787037037033 0.33103125 0.3366359126984127 0.33336681547619046
0 0.6629246031746031 0.397984623015873 0.6667308201058201 0.402655753968254 0.6743432539682539 0.4031748511904762 0.6784953703703703 0.4000607638888889 0.6850694444444445 0.3969464285714286 0.685761574074074 0.3930538194444444 0.6812632275132274 0.39097792658730157 0.675035052910053 0.39149677579365083 0.6722671957671957 0.39331349206349203 0.6670770502645502 0.3953893849206349 0.6629246031746031 0.397984623015873
0 0.660156746031746 0.4047318948412698 0.6549666005291005 0.40525074404761907 0.6539285714285714 0.40706746031746033 0.6573885582010582 0.41381473214285713 0.6636167328042328 0.41692881944444443 0.6684609788359788 0.41718824404761906 0.6719209656084656 0.4143335813492064 0.6743432539682539 0.409921875 0.6701911375661376 0.40758630952380953 0.6628323412698413 0.4050223214285714 0.660156746031746 0.4047318948412698
0 0.6366279761904762 0.41692881944444443 0.6380119047619047 0.4200429067460318 0.6397420634920634 0.421859375 0.6438941798941799 0.4226378968253968 0.6483921957671958 0.42056175595238093 0.6501223544973546 0.4182261904761905 0.6525443121693122 0.41225744047619045 0.6487384259259259 0.409921875 0.6442400793650793 0.409921875 0.6401841931216931 0.4137041170634921 0.6366279761904762 0.41692881944444443
0 0.6494302248677248 0.430281498015873 0.6535823412698413 0.43650992063492067 0.660848544973545 0.43417435515873015 0.6636167328042328 0.4269079861111111 0.6584265873015873 0.42197743055555553 0.6553125 0.42171775793650795 0.6518525132275133 0.423015376984127 0.650468253968254 0.42794593253968255 0.6494302248677248 0.430281498015873
0 0.6615406746031746 0.43676934523809524 0.6691531084656085 0.43728844246031745 0.6729589947089947 0.43417435515873015 0.6719209656084656 0.4292435515873016 0.665692791005291 0.42794593253968255 0.6646547619047619 0.4295029761904762 0.6618257275132275 0.43219990079365084 0.6615406746031746 0.43676934523809524
0 0.6795333994708995 0.43054117063492064 0.6850694444444445 0.4300220734126984 0.6864537037037036 0.42483184523809525 0.6826474867724868 0.41912276785714286 0.6781491402116402 0.41886334325396823 0.6767652116402116 0.41912276785714286 0.675035052910053 0.42275595238095237 0.6767652116402116 0.42587003968253967 0.6795333994708995 0.43054117063492064
0 0.6584265873015873 0.44948536706349207 0.6556583994708994 0.44922569444444443 0.6535823412698413 0.4538968253968254 0.6584265873015873 0.4564920634920635 0.6650009920634921 0.4572705853174603 0.6715750661375661 0.45623239087301587 0.6712291666666667 0.45259945436507937 0.6684609788359788 0.45026388888888885 0.6623290343915345 0.4506956845238095 0.6584265873015873 0.44948536706349207
0 0.6573885582010582 0.49159647817460317 0.6549666005291005 0.492375 0.6515062830687831 0.4928940972222222 0.650468253968254 0.49626760912698414 0.6546203703703704 0.4986031746031746 0.660156746031746 0.5006793154761905 0.6646547619047619 0.5017172619047618 0.6708829365079365 0.5001602182539683 0.6681150793650794 0.49678670634920635 0.6643088624338624 0.49445114087301584 0.6608191137566137 0.4925947420634921 0.6573885582010582 0.49159647817460317
0 0.6397420634920634 0.5084174107142857 0.6393958333333333 0.5107529761904762 0.6407800925925926 0.5138670634920635 0.644932208994709 0.5154241071428571 0.6487384259259259 0.5154241071428571 0.6515062830687831 0.5146455853174603 0.6556583994708994 0.5123100198412699 0.6573885582010582 0.5078983134920635 0.6556583994708994 0.5034866071428571 0.6525443121693122 0.5021889880952382 0.6490843253968254 0.5032271825396826 0.6435479497354497 0.5066006944444444 0.6427007275132275 0.5065610119047619 0.6397420634920634 0.5084174107142857
0 0.3359437830687831 0.5418231646825397 0.3383657407407407 0.5410446428571429 0.33905787037037033 0.5387090773809523 0.3387119708994709 0.5355949900793651 0.33628968253968256 0.5340379464285714 0.3324837962962963 0.5314427083333333 0.32971560846560843 0.5322212301587302 0.3304077380952381 0.5353355654761904 0.3304077380952381 0.5361140873015873 0.3335218253968254 0.5387090773809523 0.3359437830687831 0.5418231646825397
0 0.3214113756613757 0.5454092261904763 0.32383333333333336 0.5482636408730159 0.3269474206349206 0.549561259920635 0.3283316798941799 0.5477447916666667 0.3314457671957672 0.544890128968254 0.33109953703703704 0.5433330853174604 0.3286775793650794 0.5394404761904762 0.3283316798941799 0.538921378968254 0.324525462962963 0.5386619543650795 0.32244940476190476 0.541516369047619 0.3214113756613757 0.5454092261904763
0 0.36016468253968253 0.5557894345238096 0.36293287037037036 0.5565679563492063 0.36466269841269844 0.5565679563492063 0.36639285714285713 0.554751488095238 0.3677767857142857 0.5526753472222222 0.369161044973545 0.5485233134920635 0.3677767857142857 0.5474851190476191 0.3622407407407407 0.5454092261904763 0.36016468253968253 0.5456686507936508 0.35774239417989423 0.5505992063492063 0.35878042328042326 0.5537132936507937 0.36016468253968253 0.5557894345238096
0 0.3189890873015873 0.5550830853174603 0.3155291005291005 0.556640128968254 0.3144910714285714 0.5584568452380952 0.31310714285714286 0.5633874007936508 0.3176051587301587 0.5641659226190476 0.32314153439153437 0.5633874007936508 0.3259093915343915 0.5623494543650793 0.329369708994709 0.5618303571428572 0.33386772486772487 0.5600138888888889 0.3335218253968254 0.5568998015873016 0.33075363756613757 0.5548236607142857 0.32625562169312167 0.5543045634920635 0.3210988756613757 0.5541217757936509 0.3189890873015873 0.5550830853174603
0 0.3515142195767196 0.5667137896825396 0.35601256613756616 0.5677519841269841 0.35774239417989423 0.5667137896825396 0.3598187830687831 0.5654164186507936 0.36016468253968253 0.5610047123015873 0.3584345238095238 0.5597070932539683 0.3535902777777778 0.5565930059523809 0.3518604497354498 0.5558144841269841 0.3490922619047619 0.5555550595238096 0.345286044973545 0.557890625 0.34459424603174604 0.5599667658730159 0.345286044973545 0.5612641369047618 0.3456322751322751 0.5646378968253968 0.3487463624338624 0.5661949404761905 0.3515142195767196 0.5667137896825396
0 0.3227953042328042 0.5678697916666666 0.32037334656084654 0.5678697916666666 0.315875 0.5678697916666666 0.3137989417989418 0.5683888888888889 0.3127609126984127 0.5707244543650793 0.31414517195767194 0.5725409226190477 0.31656712962962963 0.5743576388888889 0.32071924603174606 0.575655257936508 0.32556349206349205 0.5759146825396826 0.33179166666666665 0.5751361607142857 0.33109953703703704 0.5717624007936508 0.3286775793650794 0.5691674107142857 0.32556349206349205 0.5678697916666666 0.3227953042328042 0.5678697916666666
0 0.3304077380952381 0.5759146825396826 0.3290234788359788 0.5777311507936508 0.32971560846560843 0.5813643353174603 0.3321375661375661 0.5834404761904761 0.3352516534391535 0.5849975198412698 0.34009589947089947 0.5849975198412698 0.34320998677248676 0.584218998015873 0.3421719576719577 0.5818834325396826 0.34148015873015874 0.5798072916666667 0.33698181216931217 0.5777311507936508 0.33267427248677245 0.5756374007936508 0.3304077380952381 0.5759146825396826
0 0.3169130291005291 0.5774717261904762 0.3151832010582011 0.5774717261904762 0.30999305555555556 0.5798072916666667 0.30930092592592595 0.5821428571428571 0.30999305555555556 0.584218998015873 0.31241501322751325 0.5878519345238096 0.31656712962962963 0.5894089781746031 0.3200274470899471 0.5901875 0.32383333333333336 0.5904471726190477 0.32763955026455027 0.5904471726190477 0.3324837962962963 0.5891495535714286 0.33075363756613757 0.5862948908730158 0.32971560846560843 0.5844784226190477 0.3266015211640212 0.5821428571428571 0.3241795634920635 0.580326388888889 0.31908564814814816 0.5779022817460318 0.3169130291005291 0.5774717261904762
0 0.34770833333333334 0.5899280753968255 0.345286044973545 0.5899280753968255 0.34113392857142855 0.5938206845238095 0.34459424603174604 0.5974538690476191 0.3490922619047619 0.5984918154761905 0.35255224867724866 0.6016059027777778 0.360510582010582 0.6044605654761904 0.3650089285714286 0.6005679563492063 0.36397089947089944 0.5987514880952381 0.3598187830687831 0.5953777281746032 0.35705059523809524 0.5933018353174604 0.3532443783068783 0.5912256944444445 0.34943816137566136 0.5901875 0.34770833333333334 0.5899280753968255
0 0.3470162037037037 0.5787693452380952 0.35082242063492064 0.5787693452380952 0.3518604497354498 0.5774717261904762 0.3515142195767196 0.5743576388888889 0.3518604497354498 0.5691674107142857 0.35013029100529103 0.5686483134920635 0.34597817460317465 0.5670912698412699 0.3407880291005291 0.5673509424603175 0.34044212962962966 0.5704650297619047 0.34044212962962966 0.5728005952380952 0.3442480158730159 0.5777311507936508 0.3470162037037037 0.5787693452380952
0 0.6438941798941799 0.6130243055555555 0.6480462962962963 0.6101698908730159 0.6501223544973546 0.6067961309523809 0.6487384259259259 0.6036820436507936 0.6428561507936508 0.6026440972222222 0.6390499338624339 0.6036820436507936 0.635243716931217 0.6054985119047619 0.6328217592592593 0.6083531746031746 0.6328217592592593 0.611467261904762 0.6342056878306879 0.6143219246031746 0.636281746031746 0.6148410218253969 0.6397420634920634 0.6151004464285714 0.6438941798941799 0.6130243055555555
0 0.6414718915343915 0.5977132936507936 0.644932208994709 0.5951183035714285 0.6456243386243387 0.5930421626984127 0.6442400793650793 0.5899280753968255 0.6414718915343915 0.5883710317460317 0.6342056878306879 0.5873330853174603 0.6293617724867725 0.588890128968254 0.6272857142857143 0.5909662698412698 0.6272857142857143 0.5943397817460317 0.6286696428571429 0.5969347718253968 0.6310916005291005 0.5982323908730158 0.6342056878306879 0.5990109126984127 0.6383578042328042 0.5987514880952381 0.6414718915343915 0.5977132936507936