0 0.22634244495064543 0.26235317460317464 0.023921032649962037 0.014206349206349278
0 0.2546127562642369 0.27602653769841273 0.016309794988610515 0.012430059523809489
0 0.43646545178435836 0.35598487103174603 0.026639331814730383 0.011364583333333345
0 0.36307213363705393 0.37605109126984126 0.01467881548974942 0.012430555555555556
0 0.286960516324981 0.385640376984127 0.01467881548974942 0.015271825396825423
0 0.2160132877752468 0.4073050595238095 0.020658314350797263 0.012430555555555611
0 0.24156492027334853 0.41476314484126986 0.022833712984054677 0.010299107142857145
0 0.22389635535307517 0.42453000992063494 0.021201974183750943 0.017047123015873022
0 0.24156492027334853 0.4291468253968254 0.016309794988610432 0.012075396825396822
0 0.25162262718299166 0.42026810515873014 0.01576613515565678 0.011364583333333345
0 0.2586902050113895 0.4277261904761905 0.02120273348519361 0.011365079365079356
0 0.29185345482156416 0.42648313492063494 0.013591495823842115 0.011009920634920678
0 0.3024544419134396 0.4444186507936508 0.016309035687167794 0.010654761904761889
0 0.2567703113135915 0.4477281746031746 0.018518602885345514 0.013140873015872967
0 0.22380334092634777 0.45651760912698414 0.010605922551252867 0.010392361111111137
0 0.23747873955960516 0.4585230654761905 0.011164009111617301 0.011486607142857153
0 0.25869058466211087 0.46326364087301586 0.02009491268033406 0.011486607142857153
0 0.24975930144267272 0.47803224206349204 0.020095671981776753 0.010756944444444472
0 0.22519893697798027 0.4682777777777778 0.0184206529992407 0.010210317460317475
0 0.277250569476082 0.4962234623015873 0.020373576309794972 0.014950892857142906
0 0.27069172361427485 0.5188323412698412 0.017861807137433572 0.008386904761904845
0 0.2247798025816249 0.5211113591269841 0.01814123006833715 0.010392361111111192
0 0.2397118451025057 0.526125248015873 0.013955201214882279 0.008387400793650857
0 0.22059377372817007 0.5366613048115079 0.010326499620349289 0.010288501488095236
0 0.23985155656795748 0.5439022817460317 0.021490508731966562 0.008569444444444407
0 0.26762148823082765 0.5482780257936508 0.018978739559605218 0.0092991071428572
0 0.25478321943811694 0.5358797123015873 0.016187547456340212 0.007110615079365168
0 0.2441772968868641 0.5597921626984127 0.011164009111617301 0.009973214285714294
0 0.26064426727410783 0.5723452380952381 0.009488990129081276 0.011122023809523762
0 0.22715223993925587 0.5572120535714284 0.01730372057706908 0.008204861111111073
0 0.2531085801063022 0.7582279265873015 0.019536826119969652 0.0080223214285714
0 0.23678132118451023 0.7878561507936508 0.011442672741078214 0.010392857142857204
0 0.36502695520121486 0.8869761904761905 0.017862566438876237 0.008569444444444407
0 0.2374791192103265 0.9291185515873015 0.013954441913439614 0.008386904761904845
0 0.22198899012908124 0.9792584325396826 0.015350797266514837 0.00875198412698408
0 0.47931738800303725 0.9396021825396825 0.013117691723614266 0.010027777777777747
0 0.5531389521640091 0.9878529265873015 0.020652999240698522 0.006381448412698387
0 0.557046317388003 0.9954193948412697 0.016745634016704702 0.00729315476190473
0 0.554041761579347 0.6124801587301587 0.025257403189065997 0.010725198412698367
0 0.5997061503416856 0.5060357142857143 0.025889141989369757 0.01691269841269838
0 0.3051393318147304 0.4024975198412698 0.023994684889901252 0.015262896825396888