0 0.3457113095238095 0.2786545138888889 0.34975925925925927 0.27835094246031744 0.3521878306878307 0.2774402281746032 0.35340211640211644 0.27622594246031745 0.35502149470899474 0.27318998015873014 0.35502149470899474 0.271671875 0.35259259259259257 0.269546875 0.34935449735449736 0.26833258928571424 0.3465208333333333 0.26802901785714284 0.34125859788359786 0.26924330357142856 0.33883002645502647 0.2698504464285714 0.336401455026455 0.2734935515873016 0.33678075396825397 0.27554786706349205 0.3436875 0.27835094246031744 0.3457113095238095 0.2786545138888889
0 0.3287103174603175 0.2750114087301587 0.32749603174603176 0.2765295138888889 0.3258769841269841 0.2792616567460317 0.32790079365079366 0.28108333333333335 0.3299246031746032 0.2816904761904762 0.3327582671957672 0.28320833333333334 0.3351868386243386 0.2841190476190476 0.3404490740740741 0.28533358134920633 0.34328273809523807 0.284422619047619 0.3436875 0.2816904761904762 0.34085383597883595 0.2789580853174603 0.33802050264550265 0.2774402281746032 0.336401455026455 0.27622594246031745 0.3327582671957672 0.2747078373015873 0.3287103174603175 0.2750114087301587
0 0.3566405423280423 0.2792616567460317 0.35785482804232804 0.280172371031746 0.3594738756613757 0.2807797619047619 0.3627123015873016 0.28047594246031743 0.3659507275132275 0.2795652281746032 0.36837929894179894 0.2774402281746032 0.36959358465608466 0.27440426587301586 0.3704031084656084 0.2719756944444444 0.3675697751322751 0.2698504464285714 0.36554563492063497 0.26833258928571424 0.36230753968253965 0.26711805555555557 0.3594738756613757 0.267421875 0.3566405423280423 0.27076116071428574 0.35623578042328047 0.2719756944444444 0.35623578042328047 0.27440426587301586 0.3558310185185185 0.2768330853174603 0.3566405423280423 0.2792616567460317
0 0.3574500661375662 0.3011200396825397 0.3574500661375662 0.30203075396825396 0.36068849206349207 0.3044595734126984 0.3619027777777778 0.3047631448412699 0.3663554894179894 0.306281001984127 0.36878406084656085 0.30567385912698414 0.37283201058201054 0.3029417162698413 0.37485582010582014 0.3011200396825397 0.3756653439153439 0.2980840773809524 0.3736415343915344 0.2950483630952381 0.3679745370370371 0.2944412202380952 0.365140873015873 0.2941376488095238 0.36209821428571426 0.2958608630952381 0.3594738756613757 0.297780505952381 0.3574500661375662 0.3011200396825397
0 0.3145429894179894 0.29869146825396825 0.31697156084656086 0.3011200396825397 0.3202099867724868 0.30172718253968256 0.3246626984126984 0.3008164682539683 0.32790079365079366 0.299905753968254 0.3303296957671958 0.297780505952381 0.3331630291005291 0.2947447916666667 0.3331630291005291 0.29170882936507936 0.33194874338624336 0.2892800099206349 0.3250674603174603 0.2886728670634921 0.3202099867724868 0.29049454365079364 0.3173511904761905 0.2918864087301587 0.3149477513227513 0.2959590773809524 0.3145429894179894 0.29869146825396825
0 0.3088759920634921 0.2974769345238095 0.3080664682539682 0.2989950396825397 0.3080664682539682 0.3032452876984127 0.31049503968253966 0.30567385912698414 0.3129239417989418 0.3074955357142857 0.31697156084656086 0.3096205357142857 0.3198052248677249 0.31174578373015877 0.3230433201058201 0.31113839285714284 0.3250674603174603 0.30901339285714285 0.3250674603174603 0.30779910714285713 0.3222337962962963 0.30385243055555555 0.3202099867724868 0.3026378968253968 0.31656679894179895 0.3011200396825397 0.31575727513227514 0.3002093253968254 0.3121140873015873 0.2983878968253968 0.3088759920634921 0.2974769345238095
0 0.3117093253968254 0.3081026785714286 0.3096855158730159 0.3096205357142857 0.31009027777777776 0.314781498015873 0.3121140873015873 0.31721031746031747 0.31575727513227514 0.31842460317460314 0.32142427248677247 0.3187281746031746 0.3254722222222222 0.3187281746031746 0.3283055555555556 0.316906746031746 0.3303296957671958 0.31417435515873016 0.3246626984126984 0.31235292658730157 0.32142427248677247 0.31174578373015877 0.31656679894179895 0.31083482142857144 0.3144074074074074 0.3095498511904762 0.3117093253968254 0.3081026785714286
0 0.5772480158730159 0.23524131944444446 0.5825102513227514 0.23463417658730157 0.5833197751322752 0.2337234623015873 0.586558201058201 0.2303839285714286 0.5885820105820107 0.22795535714285714 0.5845343915343916 0.22370510912698413 0.579676917989418 0.22279414682539683 0.572390873015873 0.22218700396825394 0.5699619708994709 0.22279414682539683 0.5683429232804234 0.22825892857142857 0.569557208994709 0.2294732142857143 0.572390873015873 0.23311631944444444 0.5772480158730159 0.23524131944444446
0 0.6723726851851852 0.25042088293650794 0.6760155423280423 0.2501173115079365 0.6796587301587301 0.24859920634920635 0.6784444444444444 0.2449561011904762 0.6756107804232804 0.24222395833333335 0.6707533068783068 0.24040228174603176 0.6667056878306878 0.23827728174603174 0.6614434523809524 0.24100967261904763 0.6610386904761905 0.24374181547619048 0.6626577380952381 0.2467777777777778 0.6663005952380953 0.24890277777777778 0.670348544973545 0.25042088293650794 0.6723726851851852 0.25042088293650794
0 0.6861352513227513 0.2525458829365079 0.6804682539682539 0.2531530257936508 0.6784444444444444 0.25558184523809524 0.6792539682539682 0.25770684523809523 0.6833015873015873 0.2595285218253969 0.6865400132275133 0.2604392361111111 0.695040343915344 0.26226066468253967 0.6998978174603174 0.26165352182539686 0.7015168650793652 0.2583139880952381 0.6986835317460317 0.2552782738095238 0.694635582010582 0.2543675595238095 0.6897781084656085 0.2531530257936508 0.6853369708994709 0.2521440972222222 0.6861352513227513 0.2525458829365079
0 0.5404126984126985 0.37439533730158725 0.5432463624338625 0.37439533730158725 0.5452701719576719 0.37348462301587304 0.5456749338624339 0.36953794642857146 0.5460796957671957 0.3658948412698413 0.5444606481481482 0.3637695932539683 0.5387936507936507 0.3610374503968254 0.5367698412698413 0.3604303075396826 0.5323171296296296 0.3613410218253968 0.5306977513227513 0.36650198412698415 0.5311028439153439 0.3680198412698413 0.5331266534391534 0.37075223214285713 0.5359599867724868 0.3728772321428572 0.5404126984126985 0.37439533730158725
0 0.30928075396825394 0.4496299603174603 0.30685218253968255 0.45084449404761906 0.30644708994708997 0.45388020833333337 0.30685218253968255 0.45509449404761904 0.30766170634920637 0.45661259920634917 0.31049503968253966 0.45904117063492067 0.3141382275132275 0.46025570436507934 0.31616203703703705 0.46025570436507934 0.3202099867724868 0.4587375992063492 0.3250674603174603 0.4553983134920635 0.3258769841269841 0.4523623511904762 0.3238528439153439 0.4502371031746032 0.3202099867724868 0.44902281746031747 0.31575727513227514 0.44902281746031747 0.312640873015873 0.44909002976190476 0.30928075396825394 0.4496299603174603
0 0.6331084656084656 0.503061507936508 0.6391802248677249 0.5012400793650794 0.6407992724867725 0.4994186507936508 0.638370701058201 0.49395386904761907 0.6331084656084656 0.49091815476190476 0.6306795634920634 0.48970362103174603 0.6258224206349207 0.48909647817460317 0.621369708994709 0.48879290674603176 0.6221792328042328 0.4936502976190476 0.6233935185185185 0.49638268849206346 0.6250125661375662 0.4985076884920635 0.6254176587301588 0.4994186507936508 0.6294652777777777 0.5012400793650794 0.6331084656084656 0.503061507936508
0 0.6339179894179895 0.5021507936507936 0.6306795634920634 0.5033650793650793 0.6298700396825397 0.5051867559523809 0.6322989417989417 0.5085262896825398 0.6395849867724868 0.5100441468253968 0.6436329365079365 0.5103477182539683 0.6480853174603174 0.5097405753968254 0.6497046957671958 0.5085262896825398 0.6497046957671958 0.5054903273809523 0.6464662698412699 0.5033650793650793 0.6399897486772487 0.5021507936507936 0.637646164021164 0.5011969246031746 0.6339179894179895 0.5021507936507936