0 0.5899537037037037 0.2013500744047619 0.01278571428571429 0.01215798611111113
0 0.6079482473544974 0.20192410714285713 0.013732473544973534 0.007458333333333345
0 0.625469246031746 0.23743960813492063 0.01941534391534394 0.009589037698412683
0 0.3752030423280423 0.2468996775793651 0.020835978835978874 0.01456125992063495
0 0.594925925925926 0.10278720238095237 0.013259259259259304 0.01278571428571429
0 0.6101694775132276 0.6364794146825397 0.013605489417989447 0.009760416666666605
0 0.6404904100529101 0.6347047371031747 0.012709656084656129 0.007985863095237966
0 0.6418171296296297 0.6480794890873016 0.011239417989417966 0.008743303571428607
0 0.6363454034391534 0.6665372023809524 0.010352182539682508 0.00820783730158725
0 0.627176421957672 0.6859472966269842 0.009760251322751268 0.010204117063492113
0 0.6336835317460316 0.7479485367063492 0.015675925925925926 0.007764136904761854
0 0.5674305555555555 0.7520970982142856 0.0073941798941798975 0.008340029761904844
0 0.5721628637566137 0.7551579861111111 0.01035218253968262 0.0062113095238095495
0 0.5629938822751323 0.7418482142857143 0.01035218253968262 0.010204365079365174
0 0.5433250661375661 0.7512759176587301 0.014197089947090014 0.007764136904761854
0 0.36393915343915345 0.6240569196428571 0.00857738095238092 0.007985863095238077