0 0.3125456349206349 0.14412487599206347 0.010218253968253932 0.010989335317460297
0 0.305412037037037 0.16081944444444446 0.010218253968253987 0.014749007936507935
0 0.32411342592592596 0.14503608345734126 0.016001984126984115 0.007852436259920631
0 0.31910069444444444 0.15231107142857142 0.014459986772486777 0.00660553571428571
0 0.3428060515873016 0.15276798115079365 0.008868716931216936 0.01171254960317461
0 0.35977215608465607 0.15312934027777778 0.013881613756613786 0.006651537698412702
0 0.3781843584656085 0.15226178075396826 0.010604166666666692 0.010410962301587279
0 0.3989102182539682 0.1521171875 0.011182208994709009 0.008386656746031784
0 0.42127463624338624 0.14900843253968254 0.00809755291005293 0.009398809523809504
0 0.4304325396825397 0.15074355158730157 0.014074074074074072 0.009977182539682578
0 0.39476488095238094 0.16144370039682537 0.01253174603174606 0.007663690476190449
0 0.3361544312169312 0.16101004464285715 0.007904761904761914 0.009688244047619088
0 0.3234298941798942 0.16180530753968253 0.01214616402116403 0.005205357142857164
0 0.3209236111111111 0.1739515128968254 0.00867592592592592 0.006362351190476179
0 0.31166931216931215 0.17959089781746032 0.011375000000000024 0.007519097222222215
0 0.30578885582010584 0.18400099206349207 0.011567791005290984 0.0073745039682539815
0 0.3504214616402117 0.16180530753968253 0.014845568783068808 0.006362103174603201
0 0.36372453703703705 0.16332366071428572 0.009832671957671901 0.009687996031746027
0 0.37963045634920634 0.16209449404761905 0.00809755291005293 0.008676091269841285
0 0.38772767857142854 0.1563829365079365 0.008868716931216936 0.007663690476190477
0 0.42127463624338624 0.16476959325396826 0.014266865079365088 0.007374503968253954
0 0.41462301587301587 0.18812214781746034 0.014845238095238134 0.007519097222222243
0 0.4355416666666667 0.1629621775793651 0.014267195767195762 0.008097470238095233
0 0.34485796957671955 0.1696826636904762 0.009906415343915287 0.00883903769841271
0 0.35160466269841273 0.178585689484127 0.010077050264550247 0.007942212301587287
0 0.3668058862433863 0.1703231646825397 0.012126984126984153 0.0055084325396825284
0 0.44195833333333334 0.17064335317460316 0.01281018518518523 0.006917658730158732
0 0.43606564153439153 0.1776888640873016 0.009223214285714265 0.009479414682539683
0 0.4532313161375662 0.18108358134920635 0.011102182539682481 0.006789186507936529
0 0.369453373015873 0.17890587797619048 0.010931216931216958 0.008070188492063535
0 0.3407587632275132 0.1831331845238095 0.012297949735449676 0.008326388888888897
0 0.3668058862433863 0.18691220238095238 0.012126984126984153 0.007686011904761925
0 0.35322718253968255 0.1912034970238095 0.013664021164021156 0.007814236111111122
0 0.36236507936507933 0.19568700396825395 0.013151455026454983 0.008582837301587293
0 0.3722714947089947 0.1922282986111111 0.009052248677248687 0.00807018849206348
0 0.38029910714285714 0.18876959325396825 0.013834986772486735 0.007813988095238089
0 0.43589500661375663 0.19421378968253966 0.009223214285714265 0.009735615079365073
0 0.4543414351851852 0.1924203869047619 0.0088819444444444 0.006661210317460309
0 0.3136868386243386 0.19029513888888888 0.009735449735449708 0.006789186507936529
0 0.4488758267195767 0.20139918154761904 0.014347552910052908 0.010248263888888887
0 0.30830654761904763 0.1960188492063492 0.011273148148148171 0.006661210317460309
0 0.31898164682539687 0.20043849206349207 0.00905257936507936 0.010120039682539717
0 0.32419113756613754 0.1964032738095238 0.008198412698412705 0.008710813492063485
0 0.3324748677248677 0.20031039186507937 0.011443783068783075 0.007814236111111095
0 0.33990476190476193 0.20466579861111112 0.010589947089947094 0.007301835317460342
0 0.3526294642857143 0.20722780257936507 0.008710648148148148 0.0057646329365079185
0 0.366635085978836 0.2063952132936508 0.01520138888888889 0.007429811507936507
0 0.3622795965608465 0.21317782738095237 0.007856812169312166 0.008980158730158727
0 0.3877291666666667 0.2135047123015873 0.008881613756613782 0.009351190476190457
0 0.30583002645502644 0.20581870039682537 0.012126984126984153 0.008582837301587293
0 0.31710284391534393 0.20934151785714286 0.010418650793650786 0.009223214285714265
0 0.3087334656084656 0.21341728670634919 0.010077380952380921 0.006405009920634891
0 0.30702546296296296 0.21805729166666665 0.005978174603174624 0.005323412698412661
0 0.30813574735449734 0.2248824404761905 0.007856812169312166 0.009607638888888909
0 0.32214136904761903 0.22220895337301588 0.01058961640211642 0.008036954365079368
0 0.33179166666666665 0.2148905009920635 0.013151455026454983 0.007045386904761919
0 0.3419543650793651 0.22014260912698413 0.014005952380952369 0.007558035714285705
0 0.34545585317460314 0.21418601190476189 0.012468584656084636 0.009735615079365073
0 0.33999024470899475 0.22802666170634922 0.011785383597883559 0.008582589285714287
0 0.3189606481481482 0.23282973710317462 0.007386243386243385 0.006918898809523816
0 0.3285464616402116 0.2380825892857143 0.012126653439153479 0.0066612103174603365
0 0.35314186507936507 0.22693774801587302 0.006661375661375701 0.008710813492063485
0 0.3697094907407407 0.2296279761904762 0.00802744708994707 0.007686011904761897
0 0.38414219576719577 0.23199776785714285 0.010931216931216958 0.011144841269841277
0 0.40771279761904766 0.23385528273809525 0.01263921957671954 0.0064050099206349465
0 0.422864417989418 0.2309655257936508 0.014691798941798895 0.006559027777777782
0 0.35272767857142856 0.2373933531746032 0.009094907407407482 0.008132936507936533
0 0.303317294973545 0.24362437996031744 0.011718584656084663 0.00642782738095235
0 0.3138989748677249 0.24428025793650793 0.0143422619047619 0.00747718253968252
0 0.32736656746031745 0.24677256944444448 0.012942791005291054 0.007214781746031768
0 0.3457314814814815 0.24500173611111112 0.008045634920634925 0.009444940476190489
0 0.35683779761904766 0.24513281250000002 0.011718584656084718 0.007870783730158731
0 0.41735482804232804 0.24172222222222223 0.010319444444444437 0.009444940476190461
0 0.44463988095238094 0.24388665674603174 0.010319444444444381 0.008526785714285723
0 0.4329212962962963 0.252711433531746 0.016965608465608517 0.008264136904761882
0 0.41516865079365084 0.25494146825396824 0.011543650793650773 0.013511408730158742
0 0.3962789351851852 0.2599262152777778 0.010144510582010546 0.00773933531746035
0 0.3707428902116402 0.2608443700396825 0.008745039682539701 0.011412450396825369
0 0.3557885251322751 0.25828645833333336 0.011368716931216938 0.006821428571428534
0 0.34127149470899465 0.25421986607142855 0.014167328042328065 0.007870783730158759
0 0.3303399470899471 0.2572371031746032 0.00839550264550265 0.009182539682539681
0 0.32063260582010583 0.25448226686507935 0.009269841269841317 0.011281498015873054
0 0.3051536044973545 0.25540054563492065 0.013992394179894174 0.009969742063492049
0 0.31862119708994713 0.26281212797619047 0.013992394179894174 0.00616542658730157
0 0.3075147156084656 0.2663539186507936 0.00787070105820109 0.011412698412698374
0 0.3385603505291005 0.26136917162698414 0.013292658730158724 0.0066902281746031855
0 0.3633969907407407 0.2672721974206349 0.013642526455026449 0.010100942460317508
0 0.382286541005291 0.2693710317460317 0.012243055555555549 0.005640873015873071
0 0.3842977843915344 0.2757331349206349 0.015916335978836016 0.008395337301587313
0 0.36479613095238095 0.2791438492063492 0.012942791005290943 0.011543650793650717
0 0.4035373677248677 0.2641240079365079 0.013817460317460395 0.010363095238095199
0 0.4298606150793651 0.2624186507936508 0.01259292328042333 0.00721478174603174
0 0.44875033068783066 0.2591391369047619 0.015391534391534345 0.0074771825396825475
0 0.44743849206349207 0.27107638888888885 0.012767857142857109 0.006952380952380988
0 0.4310848214285714 0.2729784226190476 0.010494378306878327 0.006821428571428589
0 0.4175297619047619 0.27474937996031745 0.007171296296296259 0.008526537698412717
0 0.40773511904761905 0.28084920634920635 0.01311772486772489 0.0062966269841269185
0 0.3931306216931217 0.2864677579365079 0.009095238095238045 0.007389880952380912
0 0.3891952711640212 0.2927703373015873 0.009270171957671935 0.008165178571428566
0 0.3401653439153439 0.2669419642857143 0.012767857142857109 0.006952380952380932
0 0.3318574735449735 0.2724515128968254 0.012593253968253948 0.00616542658730157
0 0.31410449735449736 0.2738944692460318 0.014167328042328009 0.00878893849206347
0 0.30623396164021166 0.2813060515873016 0.008920304232804266 0.007870535714285753
0 0.343838458994709 0.2779609375 0.012418320105820113 0.00616542658730157
0 0.3238118386243386 0.2803221726190476 0.012243386243386223 0.010100694444444502
0 0.33553042328042326 0.2837983630952381 0.00944510582010577 0.009444940476190489
0 0.34418816137566133 0.2874058779761905 0.00891997354497348 0.009051339285714222
0 0.35302083333333334 0.2856349206349207 0.008395502645502706 0.006034226190476166
0 0.31130621693121696 0.28988033234126986 0.009969576719576712 0.00577207341269842
0 0.32284986772486773 0.2886340525793651 0.012767857142857109 0.006427827380952378
0 0.33806646825396824 0.2956521577380952 0.008919973544973536 0.007870783730158704
0 0.3278346560846561 0.2976199156746032 0.0076957671957672 0.007870783730158759
0 0.3131425264550265 0.29998115079365084 0.011193783068783103 0.008920138888888929
0 0.35546957671957674 0.29742299107142856 0.008395502645502595 0.008526537698412717
0 0.3468993055555556 0.30103050595238096 0.013642526455026449 0.005509424603174606
0 0.3740092592592593 0.3007681051587302 0.007345899470899531 0.008395337301587313
0 0.31129133597883596 0.3099177827380952 0.011543650793650828 0.006165426587301515
0 0.3283444113756614 0.3070318700396826 0.015216600529100566 0.00773933531746035
0 0.3580780423280423 0.30670399305555557 0.010319444444444492 0.007345982142857199
0 0.37679298941798944 0.30676946924603177 0.010669312169312217 0.006165426587301626
0 0.36358763227513224 0.31400223214285716 0.00944510582010577 0.008395337301587258
0 0.34154976851851854 0.31465811011904765 0.010494378306878271 0.01075669642857141
0 0.32662417328042326 0.3175664682539683 0.007696097883597874 0.008001984126984107
0 0.3141183862433863 0.3238152281746032 0.009969576719576712 0.008001984126984163
0 0.30703488756613756 0.3303086557539683 0.010144510582010602 0.007608382936507951
0 0.32181431878306876 0.33171019345238095 0.011368716931216938 0.006904017857142841
0 0.33127810846560846 0.3290967261904762 0.011543650793650773 0.006821428571428645
0 0.34535796957671955 0.3279816468253969 0.015566468253968235 0.006952380952380988
0 0.34675694444444444 0.3214227430555555 0.013467592592592559 0.00564062500000001
0 0.3574262566137566 0.32175074404761905 0.008919973544973592 0.009182539682539681
0 0.3659965277777778 0.33014620535714284 0.011018849206349157 0.010494295634920658
0 0.3075785383597883 0.3368242807539683 0.011368716931216938 0.005509672619047612
0 0.32673048941798943 0.34121875 0.011193783068783103 0.008526785714285723
0 0.33923611111111107 0.33951351686507936 0.010319444444444492 0.008526537698412662
0 0.3475441468253968 0.3351845238095238 0.01399239417989423 0.006427579365079372
0 0.36136160714285714 0.33708668154761906 0.006996362433862424 0.008395585317460319
0 0.31719824735449736 0.34624528769841273 0.009270171957671991 0.009707341269841296
0 0.30880291005291005 0.3460486111111111 0.010319444444444437 0.0074771825396825475
0 0.33014103835978836 0.3495008680555556 0.011718584656084663 0.007870783730158759
0 0.3586506283068783 0.34759883432539684 0.00822056878306876 0.008526537698412717
0 0.3701069775132275 0.3475987103174603 0.005946759259259249 0.0074771825396825475
0 0.35926273148148147 0.35760999503968255 0.006296626984126974 0.007608382936507896
0 0.346494708994709 0.3546586061507937 0.012243386243386223 0.00669022817460313
0 0.3360877976190476 0.35966651463293653 0.00787070105820109 0.011628776289682508
0 0.32673048941798943 0.36305394345238096 0.010144179894179872 0.009051339285714277
0 0.3119510582010582 0.3565606398809524 0.009619708994709042 0.007608382936507896
0 0.31658597883597883 0.3637099454365079 0.007695767195767145 0.009051339285714277
0 0.37135201719576716 0.3567328869047619 0.011194113756613777 0.008993055555555574
0 0.36551967592592594 0.36300545634920633 0.007870701058201035 0.007477182539682492
0 0.34094560185185185 0.3678234126984127 0.013642526455026394 0.008264384920634915
0 0.30482771164021166 0.3667501240079365 0.014167328042328009 0.008526537698412662
0 0.3113865740740741 0.3706197916666667 0.011193783068783103 0.006296626984126974
0 0.3120863095238095 0.37671961805555554 0.012593253968253948 0.008001736111111157
0 0.3367478505291005 0.38065240575396825 0.010494378306878327 0.008007192460317447
0 0.3495157076719577 0.3798023313492064 0.01399239417989423 0.008132936507936506
0 0.36149669312169314 0.3792120535714286 0.009619708994708986 0.009313492063492024
0 0.35380092592592594 0.3670161094990079 0.008220238095238142 0.00773216592261905
0 0.3726906415343915 0.3672748015873016 0.011018849206349213 0.0051160714285714
0 0.37199090608465607 0.3725219494047619 0.011368716931216882 0.004853422619047587
0 0.3841468253968254 0.3691862599206349 0.007695767195767256 0.007589781746031754
0 0.38213541666666667 0.3771788194444444 0.011718584656084663 0.0062966269841270295
0 0.39280472883597883 0.374555183531746 0.011368716931216882 0.007870783730158759
0 0.376713458994709 0.38301624503968257 0.010668981481481543 0.008001736111111046
0 0.35196445105820107 0.3874761904761905 0.010494378306878382 0.006952380952380932
0 0.3119988425925926 0.38307176860119047 0.014866732804232785 0.006030569940476238
0 0.321968253968254 0.3840536954365079 0.009269841269841261 0.00878893849206347
0 0.32896445105820105 0.38922668650793646 0.011368716931216882 0.0068382936507936365
0 0.31147404100529097 0.3898256448412698 0.01451686507936506 0.007214781746031684
0 0.30648925264550264 0.39776190476190476 0.007346230158730149 0.008657738095238121
0 0.31637136243386244 0.3995983382936508 0.01416732804232812 0.009707093253968235
0 0.3392838955026455 0.4015660962301587 0.011368716931216938 0.00970709325396818
0 0.4053103505291005 0.38398809523809524 0.016440806878306957 0.008657738095238066
0 0.3870329034391535 0.39002244543650794 0.00752083333333331 0.01023189484126985
0 0.36831812169312167 0.394679191468254 0.009619708994708986 0.008788938492063525
0 0.35554993386243383 0.39513826884920633 0.008919973544973592 0.0070835813492063915
0 0.3461051587301587 0.39789298115079363 0.010319444444444381 0.007870783730158759
0 0.4064472552910053 0.3922702132936508 0.012768187830687894 0.008001736111111102
0 0.4151049933862434 0.3867607886904762 0.010844246031745997 0.00616542658730157
0 0.310599537037037 0.41043849206349203 0.010669312169312162 0.005509424603174606
0 0.3229302248677249 0.4144393601190476 0.008045634920634925 0.009576140873015893
0 0.3299265873015873 0.4209326636904762 0.007695767195767145 0.010494295634920603
0 0.33429910714285715 0.4101104910714286 0.009444775132275152 0.008788938492063525
0 0.35117724867724864 0.4075525793650794 0.013467592592592614 0.008395337301587313
0 0.3769758597883598 0.4009279513888889 0.011543650793650828 0.008264136904761854
0 0.391755291005291 0.40538802083333336 0.013467592592592559 0.009051339285714277
0 0.3742329695767196 0.41122619047619047 0.008570436507936485 0.011543650793650828
0 0.39049900793650794 0.41395709325396823 0.013467592592592559 0.006034226190476166
0 0.36120254629629633 0.42307403273809524 0.010494378306878271 0.008788938492063525
0 0.3517577711640212 0.4137604166666667 0.009094907407407482 0.00826438492063486
0 0.3779933862433863 0.4240579117063492 0.012593253968254003 0.010494295634920658
0 0.4185147156084656 0.39778943452380955 0.008408399470899441 0.009389384920634902
0 0.4310338955026455 0.3937953869047619 0.014387896825396818 0.008408234126984104
0 0.42832457010582003 0.4034642857142857 0.00971660052910056 0.013174603174603172
0 0.4394422949735449 0.4091407490079365 0.006540013227513242 0.009669890873015896
0 0.4506253306878307 0.3925341021825397 0.010333333333333361 0.007287450396825379
0 0.41870171957671953 0.40724275657242065 0.012145502645502682 0.006178177331349177
0 0.34274553571428573 0.4256072668650794 0.013453373015873016 0.009249255952380908
0 0.3195757275132275 0.43002157738095237 0.007474206349206314 0.00966964285714278
0 0.3116964285714286 0.41965116567460314 0.01177182539682542 0.006586557539682458
0 0.4239953703703704 0.41607762896825395 0.013640211640211675 0.0056056547619047215
0 0.44987450396825396 0.4221036706349206 0.013827050264550333 0.006726686507936452
0 0.42978769841269837 0.4272188740079365 0.011771825396825475 0.007707589285714245
0 0.3981160714285714 0.4330347222222222 0.014201058201058159 0.007287202380952373
0 0.3688735119047619 0.43191356646825396 0.014387896825396873 0.008968998015873031
0 0.3542989417989418 0.433875496031746 0.011024470899470895 0.008408234126984104
0 0.3035681216931217 0.4265881696428572 0.015695767195767152 0.008968998015872975
0 0.3227207341269841 0.43990153769841267 0.009529431216931228 0.004764880952380979
0 0.342228835978836 0.44133556547619046 0.009903439153439109 0.008968750000000025
0 0.31812483465608465 0.4471512896825397 0.010276785714285697 0.00910912698412697
0 0.31298627645502647 0.45415835813492067 0.013453373015873016 0.007987847222222177
0 0.3210209986772487 0.46102529761904765 0.011211309523809554 0.00910912698412697
0 0.3067266865079365 0.46810230654761903 0.015508928571428604 0.0072874503968254345
0 0.3387719907407407 0.46810230654761903 0.01233234126984134 0.011771577380952358
0 0.3529728835978836 0.46214645337301585 0.01606944444444436 0.006866815476190502
0 0.3372772817460318 0.4578720238095238 0.015321759259259271 0.005885912698412765
0 0.3336335978835979 0.44974392361111115 0.012519179894179888 0.010090029761904762
0 0.34876868386243387 0.4522313988095238 0.009155753968253966 0.009879960317460357
0 0.3567099867724867 0.4506548859126984 0.010463624338624355 0.00966989087301584
0 0.36670667989417993 0.44939558531746027 0.007287037037037092 0.00882490079365078
0 0.381000992063492 0.44357775297619045 0.014574735449735476 0.007567708333333312
0 0.39090426587301585 0.44350768849206346 0.01046395502645503 0.0102301587301587
0 0.3713779761904762 0.45728608630952383 0.01102447089947084 0.009529513888888896
0 0.3801600529100529 0.460719494047619 0.011024470899470895 0.00574553571428571
0 0.43575115740740744 0.4490177331349206 0.010459325396825425 0.007567708333333312
0 0.36483812830687834 0.4705292658730159 0.008782076719576704 0.009669642857142835
0 0.3748348214285714 0.46891778273809526 0.00971660052910056 0.008968998015873031
0 0.361941798941799 0.4804091021825397 0.008968915343915362 0.009529513888888896
0 0.351104332010582 0.4791669146825397 0.012706018518518547 0.009389384920634958
0 0.3337270171957672 0.48288070436507935 0.014948082010581953 0.010650793650793633
0 0.31438756613756613 0.47552343750000003 0.013266534391534412 0.007427331349206423
0 0.31335995370370373 0.4816896081349207 0.013079695767195754 0.006586557539682569
0 0.31335995370370373 0.4911937003968254 0.010090277777777767 0.00966964285714289
0 0.3308306878306878 0.4988312251984127 0.011771825396825364 0.010930803571428616
0 0.3337270171957672 0.4906330605158731 0.015321759259259271 0.007147073412698435
0 0.35082407407407407 0.48712958829365083 0.011024470899470895 0.006306299603174581
0 0.3114915674603175 0.5003727678571429 0.013453373015873016 0.006446428571428575
0 0.3326059854497354 0.506749255952381 0.013079695767195754 0.00966964285714278
0 0.36829497354497354 0.5205529513888889 0.013827380952380952 0.006446676587301581
0 0.3309242724867725 0.5274197668650793 0.010837301587301562 0.010090029761904762
0 0.30513839285714284 0.5197822420634921 0.009342923280423299 0.009109126984127025
0 0.3097162698412699 0.5282606646825396 0.005792328042328043 0.004484623015872935
0 0.3059791666666667 0.5349172867063492 0.012145502645502626 0.006586557539682625
0 0.38072056878306876 0.5288975694444444 0.011398148148148102 0.005885912698412654
0 0.345125 0.5361148313492063 0.014948412698412683 0.007707837301587306
0 0.3123323412698413 0.5454341517857144 0.015134920634920612 0.009809771825396774
0 0.3367167658730159 0.5625949900793651 0.010463955026455085 0.011211309523809554
0 0.3492359457671958 0.5674998759920635 0.01158498677248676 0.010650545634920516
0 0.3725309193121693 0.5712837301587301 0.014948082010582009 0.00784771825396835
0 0.3877595899470899 0.556078373015873 0.01289285714285715 0.009109126984127025
0 0.39336507936507936 0.5653277529761905 0.012145502645502682 0.011631696428571425
0 0.3666843584656085 0.5910083085317461 0.011771494708994745 0.01219221230158729
0 0.34750314153439155 0.5886634424603174 0.008408399470899552 0.00966964285714289
0 0.33666567460317465 0.5791339285714285 0.012145502645502682 0.006025793650793587
0 0.3079836309523809 0.5882430555555556 0.014200727513227485 0.007988095238095294
0 0.30377943121693124 0.6000849454365079 0.014013888888888881 0.008688740079365154
0 0.30583482142857144 0.6085417906746032 0.007661044973544973 0.008311259920634972
0 0.3161119378306878 0.6078625992063491 0.006913690476190448 0.007988095238095183
0 0.3387212301587302 0.604429191468254 0.01289285714285715 0.008688740079365043
0 0.3739429563492063 0.6041107390873017 0.01046395502645503 0.008968998015873031
0 0.3444201388888889 0.612703869047619 0.009342923280423243 0.007427579365079429
0 0.33629199735449733 0.6201313244047619 0.007287037037037036 0.007987847222222233
0 0.30873115079365077 0.6282594246031746 0.009716269841269776 0.007707837301587306
0 0.30732969576719577 0.6358054315476191 0.00915608465608464 0.009432291666666592
0 0.3319943783068783 0.642693824404762 0.014761243386243406 0.007987847222222233
0 0.3215305886243386 0.6455667162698413 0.006913690476190448 0.00784771825396835
0 0.3110667989417989 0.6485096726190476 0.010650793650793633 0.0053253968253969
0 0.3256412037037037 0.6581920882936508 0.012519179894179944 0.009249255952380908
0 0.31870734126984124 0.6686548859126984 0.009529761904761902 0.009249255952380908
0 0.3083369708994709 0.6731392609126984 0.008968915343915362 0.009809771825396885
0 0.36794328703703705 0.6652213541666666 0.015321759259259327 0.008548363095238098
0 0.3340294312169312 0.6273962053571428 0.011771825396825364 0.006026041666666648
0 0.35850710978835976 0.6269057539682539 0.016256283068783073 0.00784771825396835
0 0.4398817791005291 0.6196185515873016 0.013453373015873016 0.011491567460317431
0 0.4579131944444444 0.6378177083333333 0.008034722222222235 0.008828869047619037
0 0.32421941137566135 0.6783754960317461 0.013453373015873016 0.011211309523809443
0 0.30880406746031747 0.6859430803571429 0.00990310846560849 0.008408482142857054
0 0.30852380952380953 0.7001480654761905 0.010463624338624355 0.007567460317460362
0 0.3181468253968254 0.7061741071428571 0.00915608465608464 0.010650793650793688
0 0.3059079034391534 0.7168247767857143 0.013827050264550278 0.011491319444444481
0 0.3230983796296296 0.7260740327380952 0.01046395502645503 0.008688740079365043
0 0.32384573412698414 0.7173153521825397 0.011211309523809498 0.007707589285714245
0 0.33711243386243384 0.7166372767857143 0.013827380952380952 0.008783482142857069
0 0.339562003968254 0.7042361111111111 0.01345337301587296 0.008127976190476116
0 0.34871511243386244 0.6990018601190476 0.010220568783068873 0.008942708333333327
0 0.3636203703703704 0.6921736111111112 0.01102447089947084 0.007868551587301487
0 0.3803809523809524 0.6845256696428572 0.013640211640211675 0.007567708333333312
0 0.424291335978836 0.6982594246031746 0.012519179894179944 0.007567460317460251
0 0.4399872685185185 0.6928639632936507 0.008782076719576759 0.00574578373015866
0 0.4582987764550265 0.6902714533730159 0.014014219576719611 0.0072874503968253235
0 0.4588594576719577 0.682703869047619 0.010277116402116482 0.005605654761904777
0 0.3610415013227513 0.7238588789682538 0.010090277777777823 0.010090277777777712
0 0.36860912698412696 0.7301651785714285 0.01364021164021162 0.007567460317460362
0 0.38094146825396824 0.7341592261904761 0.012145502645502626 0.007427579365079318
0 0.30890939153439156 0.7320062003968254 0.009342592592592569 0.010230158730158756
0 0.31012400793650796 0.7411853918650793 0.015508597883597874 0.009809771825396774
0 0.3526332671957672 0.7472113095238095 0.009716269841269831 0.010931051587301566
0 0.32750132275132277 0.755670634920635 0.01027711640211637 0.01177182539682542
0 0.30980555555555556 0.7597889384920635 0.012145502645502626 0.012612599206349273
0 0.3234457671957672 0.7628019593253968 0.014013888888888881 0.00826810515873011
0 0.3580137235449735 0.7664392361111111 0.014761574074074024 0.011771825396825308
0 0.3101792328042328 0.7724652777777777 0.014013888888888881 0.012052083333333297
0 0.33867443783068785 0.7826253720238096 0.012706018518518492 0.010790922619047683
0 0.3268091931216931 0.7868294890873015 0.012519179894179888 0.011911954365079302
0 0.3138229166666667 0.7853581349206349 0.012706018518518492 0.008408234126984215
0 0.31148710317460315 0.7949577132936508 0.014013888888888826 0.008548363095238098
0 0.3112068452380953 0.8039967757936508 0.012706018518518547 0.010931051587301566
0 0.3097119708994709 0.8126154513888889 0.010089947089947093 0.011351438492063437
0 0.30737632275132276 0.8233998015873016 0.010650793650793688 0.009147321428571442
0 0.34895122354497354 0.8214568452380953 0.010837632275132236 0.008828869047619037
0 0.3404495701058201 0.8056910962301587 0.009155753968253966 0.009529513888888785
0 0.382036044973545 0.7741221478174604 0.010971560846560813 0.011351438492063437
0 0.3997881944444444 0.7832328869047619 0.014014219576719555 0.008127976190476227
0 0.4050825066137566 0.7960740327380953 0.01046395502645503 0.01219221230158729
0 0.4118399470899471 0.8057914186507937 0.012145502645502626 0.009949900793650879
0 0.41866021825396826 0.8186842757936508 0.007473875661375584 0.009389384920635013
0 0.4355560515873016 0.8188237847222222 0.012953373015873015 0.008408482142857276
0 0.4456623677248677 0.8313927331349207 0.01289285714285704 0.011631696428571425
0 0.3602256944444444 0.8440292658730159 0.011584986772486705 0.010510416666666744
0 0.3246301256613756 0.8361112351190476 0.010650462962962959 0.008128224206349177
0 0.3204260912698413 0.8305057043650794 0.012332341269841285 0.008127976190476227
0 0.32164054232804234 0.8484437003968254 0.011398148148148102 0.011211309523809554
0 0.3133255621693122 0.8547527281746032 0.011211309523809498 0.012046626984126951
0 0.35742294973544975 0.8642795138888889 0.007474206349206314 0.005885912698412765
0 0.31519411375661377 0.8713566468253968 0.013827380952380952 0.009389384920635013
0 0.31696924603174603 0.886071304563492 0.01476124338624335 0.011071180555555449
0 0.43590145502645505 0.8619136904761905 0.015322089947089945 0.008268353174603282
0 0.4586041666666667 0.8508425099206349 0.014013888888888881 0.010230158730158756
0 0.4656111111111111 0.8093611111111111 0.014574735449735476 0.011351190476190487
0 0.6214356812169313 0.1332423115079365 0.01307969576719581 0.00588591269841271
0 0.5816527777777778 0.13073077876984127 0.010962962962962841 0.013326140873015868
0 0.5653921957671957 0.1320995783730159 0.009342592592592625 0.010930803571428588
0 0.5545547288359789 0.13223970734126983 0.015321759259259271 0.007287450396825379
0 0.5306374007936507 0.13413169642857142 0.012706018518518492 0.010510416666666661
0 0.5197352843915344 0.13279947916666668 0.007661044973545028 0.010090029761904734
0 0.47647867063492066 0.14204873511904764 0.010090277777777767 0.010370287698412722
0 0.4565787037037037 0.14618291170634923 0.011771825396825364 0.006866815476190474
0 0.45882093253968254 0.16447123015873016 0.006913690476190504 0.007567460317460306
0 0.45713921957671955 0.17109722222222223 0.011398148148148157 0.007488591269841249
0 0.4743298611111111 0.1709877232142857 0.008782076719576704 0.007987847222222233
0 0.47627166005291005 0.15506671626984125 0.009529431216931172 0.010931051587301593
0 0.49056580687830686 0.14665823412698414 0.009716269841269887 0.010090277777777767
0 0.5104657738095237 0.1432948908730159 0.014014219576719555 0.006726686507936536
0 0.5351304563492063 0.1441357886904762 0.010276785714285697 0.010650545634920627
0 0.5311810515873016 0.15415575396825398 0.008221230158730108 0.01097718253968255
0 0.5287414021164021 0.16259437003968252 0.01177182539682542 0.006306299603174609
0 0.5152868716931216 0.1549248511904762 0.009155753968253966 0.007521329365079377
0 0.5061522817460318 0.15977566964285714 0.010276785714285697 0.008548363095238098
0 0.5180727513227513 0.1620331101190476 0.011771825396825308 0.006306299603174581
0 0.552577876984127 0.16336049107142858 0.011771494708994856 0.011117311507936517
0 0.5546312830687831 0.14977232142857144 0.012145502645502626 0.011491567460317459
0 0.5680496031746032 0.14587562003968255 0.013693121693121757 0.009285962301587292
0 0.5809169973544974 0.14624975198412699 0.01289285714285715 0.007427579365079373
0 0.5915092592592592 0.14780295138888888 0.010028439153439095 0.010003224206349193
0 0.5989280753968254 0.13668055555555556 0.01307969576719581 0.009389384920634902
0 0.6242468584656085 0.1418655753968254 0.009155753968254077 0.007427579365079373
0 0.6253933531746032 0.14938690476190475 0.01905919312169313 0.009669642857142863
0 0.602410548941799 0.1461636904761905 0.01046395502645503 0.008548611111111132
0 0.5996076388888889 0.1560436507936508 0.009342923280423299 0.010370535714285728
0 0.6134348544973545 0.1642418154761905 0.013827380952381008 0.011070932539682554
0 0.5840988756613756 0.16227988591269843 0.008221560846560894 0.008268105158730138
0 0.5764378306878306 0.1647323908730159 0.010463624338624355 0.010650793650793633
0 0.5717665343915344 0.1786062748015873 0.010463624338624355 0.010370287698412695
0 0.5803133267195768 0.17454216269841272 0.012055224867724923 0.010931051587301593
0 0.5365446428571429 0.16921688988095238 0.009903439153439164 0.010370287698412695
0 0.5246793981481481 0.1728604910714286 0.01158498677248676 0.007007192460317474
0 0.5202883597883599 0.17984647817460317 0.014013888888888881 0.01153373015873016
0 0.4909523809523809 0.16629737103174602 0.012519179894179888 0.008081349206349203
0 0.48562698412698413 0.1818294890873016 0.010089947089947093 0.011211061507936548
0 0.47553687169312164 0.17825595238095238 0.011958664021164023 0.008548611111111104
0 0.4737617394179894 0.1902378472222222 0.010650462962962959 0.010931051587301593
0 0.5094507275132275 0.186594246031746 0.013640211640211675 0.005605654761904749
0 0.5145892857142857 0.19248015873015872 0.007100529100529052 0.007847718253968239
0 0.49553025793650796 0.18330096726190476 0.00971660052910056 0.012472470238095251
0 0.549157242063492 0.1762047371031746 0.010837632275132236 0.011631696428571425
0 0.5455135582010582 0.18769618055555554 0.011024470899470895 0.010510416666666661
0 0.5583131613756613 0.1862248263888889 0.007847883597883576 0.008968998015873031
0 0.4988002645502645 0.19986929563492062 0.011398148148148157 0.010090277777777795
0 0.48534672619047625 0.20120064484126984 0.015135251322751342 0.008828869047619037
0 0.52234375 0.20397792658730157 0.013266865079365031 0.00938938492063493
0 0.4851598875661376 0.21820213293650792 0.014014219576719611 0.007287202380952346
0 0.4611491402116402 0.21841245039682539 0.014948412698412683 0.008548611111111132
0 0.4908589616402116 0.23212710813492066 0.014200727513227485 0.008968998015873003
0 0.4589069113756613 0.24249739583333335 0.012706018518518547 0.007847966269841272
0 0.48104910714285715 0.24305791170634922 0.015135251322751286 0.007567708333333312
0 0.518046130952381 0.2304453125 0.010276785714285697 0.009529513888888896
0 0.5276377314814815 0.22750235615079364 0.01052612433862432 0.010650545634920627
0 0.5634513888888889 0.19349293154761904 0.012519179894179944 0.006306299603174581
0 0.5795208333333334 0.19475421626984127 0.014387566137566088 0.010510416666666689
0 0.5915729166666667 0.19132068452380951 0.011211309523809554 0.013173115079365083
0 0.6104451058201058 0.19265215773809521 0.010837301587301562 0.01107118055555556
0 0.617825892857143 0.17079030257936506 0.011771494708994745 0.006866815476190474
0 0.6039986772486772 0.20421366567460317 0.014013888888888881 0.007007192460317446
0 0.5884897486772487 0.20271750992063492 0.012519179894179944 0.007287202380952373
0 0.5724204695767197 0.21030419146825396 0.010650462962963014 0.009950148809523829
0 0.5513060515873016 0.22494878472222224 0.009155753968253966 0.009529513888888896
0 0.5711124338624338 0.22284672619047619 0.009903439153439164 0.009810019841269835
0 0.5849396494708996 0.2187826140873016 0.008034722222222235 0.008688740079365098
0 0.6074555224867726 0.21478856646825395 0.01158498677248676 0.006306299603174609
0 0.6228708664021164 0.21002393353174603 0.01476157407407408 0.006026041666666676
0 0.6142756283068783 0.22319704861111112 0.009529431216931172 0.008548363095238098
0 0.6027842261904761 0.2220059523809524 0.01158498677248676 0.00672668650793648
0 0.5925071097883597 0.2274012896825397 0.011211309523809554 0.00798809523809521
0 0.5780261243386243 0.23623015873015873 0.009529761904761846 0.010510416666666633
0 0.5605553902116402 0.23244630456349208 0.012332341269841285 0.0060260416666666206
0 0.5646660052910053 0.24036421130952382 0.008968915343915418 0.011211061507936493
0 0.5753166335978837 0.24477864583333336 0.01307969576719581 0.00742733134920634
0 0.5889570105820106 0.24737115575396823 0.013827380952381008 0.010090029761904734
0 0.6027953042328043 0.24162549603174605 0.016794312169312153 0.0081279761904762
0 0.6067080026455027 0.2345484871031746 0.015322089947089945 0.006306299603174609
0 0.6193206018518519 0.23034424603174602 0.008782076719576759 0.008548611111111104
0 0.550838955026455 0.24318613591269841 0.014948412698412628 0.010790922619047572
0 0.5336483134920635 0.2391922123015873 0.012706018518518492 0.005605654761904777
0 0.5166446759259259 0.24472767857142858 0.012332341269841285 0.006867063492063508
0 0.5083296957671958 0.24893191964285716 0.012519179894179944 0.0063062996031746366
0 0.4945195105820106 0.25555109126984127 0.015882275132275137 0.0072093253968253945
0 0.47845006613756613 0.2572637648809524 0.012519179894179833 0.006306299603174581
0 0.459764880952381 0.25649305555555557 0.011398148148148157 0.00588591269841271
0 0.46695866402116404 0.26244915674603175 0.008968915343915362 0.00910912698412697
0 0.5002185846560847 0.2667233382936508 0.01121097883597888 0.01093080357142856
0 0.48536375661375664 0.2730997023809524 0.014387566137566088 0.008268353174603171
0 0.4730357142857142 0.2719491567460317 0.008968915343915362 0.010790674603174621
0 0.4772397486772487 0.27608333333333335 0.005792328042328043 0.005325396825396844
0 0.5045337301587302 0.27758023313492064 0.013240079365079316 0.006306299603174581
0 0.5117142857142858 0.27113368055555553 0.009342592592592625 0.009949900793650823
0 0.5221780753968254 0.27379637896825393 0.009716600529100505 0.0102301587301587
0 0.5229255952380952 0.2578204365079365 0.016443121693121787 0.007988095238095239
0 0.5392752976190476 0.24885143849206348 0.018124669312169384 0.009109126984126997
0 0.5383409391534392 0.2601199156746032 0.012519179894179944 0.009529513888888896
0 0.5992428902116402 0.2509408482142857 0.00805919312169312 0.00742733134920634
0 0.6102794312169313 0.25192187499999996 0.013640211640211564 0.009669642857142835
0 0.5934627976190476 0.25787785218253967 0.01700363756613754 0.008968998015873031
0 0.6161653439153439 0.26187177579365084 0.007847883597883687 0.008548611111111104
0 0.5701294642857142 0.2580012400793651 0.01158498677248676 0.007006944444444441
0 0.5512571097883597 0.2676708829365079 0.010837632275132236 0.007567460317460362
0 0.5331324404761905 0.27355679563492064 0.009716600529100505 0.007847718253968239
0 0.5388315145502646 0.2781814236111111 0.008408399470899441 0.007847966269841244
0 0.5292083333333333 0.28560875496031746 0.008221560846560894 0.011211061507936493
0 0.5150076058201059 0.2863095238095238 0.014201058201058214 0.006166170634920587
0 0.4967893518518518 0.2839971478174603 0.010277116402116426 0.008268105158730166
0 0.5770428240740741 0.26304625496031747 0.012706018518518492 0.008688740079365043
0 0.5845170304232804 0.2689321676587302 0.012332341269841285 0.007847966269841244
0 0.5936729497354497 0.27548697916666665 0.011958333333333293 0.0063062996031746366
0 0.6139464285714286 0.2789903273809524 0.011398148148148213 0.010510416666666689
0 0.6159083994708995 0.2902015128968254 0.0085952380952381 0.011351438492063493
0 0.6270262896825397 0.29811941964285715 0.015508928571428493 0.010090029761904706
0 0.6004932208994709 0.28393985615079365 0.008782076719576648 0.009529513888888896
0 0.5553659060846561 0.2899188988095238 0.013453373015873016 0.008688492063492093
0 0.5516521164021164 0.27421366567460315 0.014201058201058214 0.008548363095238154
0 0.5365170304232805 0.2964959077380953 0.011211309523809443 0.010790922619047627
0 0.5176446759259259 0.2939778025793651 0.011584986772486872 0.0074188988095237884
0 0.5186724537037037 0.30013950892857144 0.010276785714285697 0.006306299603174581
0 0.5309113756613757 0.3060255456349207 0.010089947089947038 0.008268353174603171
0 0.5231569113756613 0.30756708829365076 0.007661044973544917 0.006026041666666704
0 0.5608080357142857 0.30147085813492064 0.011584986772486872 0.010930803571428616
0 0.5691228505291006 0.29243191964285714 0.008782076719576648 0.007987847222222233
0 0.6040644841269842 0.30406349206349204 0.01027711640211637 0.007988095238095239
0 0.612005787037037 0.31156101190476193 0.017564484126984192 0.007006944444444441
0 0.6269540343915344 0.31219171626984127 0.009716269841269831 0.008828869047619037
0 0.6233105158730159 0.3191667906746032 0.014013888888888881 0.01037028769841275
0 0.6006078042328042 0.3219696180555556 0.007847883597883576 0.011491319444444426
0 0.5928533399470899 0.3116692708333334 0.008034722222222235 0.010230406746031762
0 0.5915454695767196 0.3207083333333334 0.0072873677248677105 0.00981001984126989
0 0.5720191798941798 0.31482254464285714 0.011584656084656086 0.009809771825396885
0 0.5644515542328041 0.31019779265873015 0.014014219576719555 0.009529513888888841
0 0.5482886904761906 0.32053633432539685 0.015695767195767263 0.008548363095238043
0 0.5354892526455026 0.3236894841269841 0.008408399470899441 0.007847718253968239
0 0.5277349537037037 0.31317906746031743 0.01158498677248676 0.006446428571428575
0 0.5471676587301588 0.3281356646825397 0.013827380952380897 0.005605654761904777
0 0.5396936177248677 0.3356184275793651 0.012706018518518603 0.009979414682539711
0 0.5598736772486772 0.33647408234126985 0.014574735449735532 0.008548363095238043
0 0.5690295965608465 0.32820585317460316 0.01307969576719581 0.008828869047619037
0 0.5753824404761905 0.3229505208333333 0.01158498677248665 0.008408482142857165
0 0.5795868055555555 0.3308685515873016 0.00990310846560849 0.00966964285714289
0 0.5924796626984128 0.3315691964285714 0.014014219576719555 0.009109126984127025
0 0.6090162037037037 0.3338814484126984 0.010463624338624355 0.010931051587301621
0 0.6231236772486772 0.3303080357142857 0.014013888888888992 0.008828869047619092
0 0.5290428240740741 0.34193960813492064 0.010837632275132236 0.007987847222222233
0 0.5509981812169312 0.3456532738095238 0.015508928571428493 0.006726686507936452
0 0.5338077050264549 0.35364124503968253 0.015135251322751286 0.00924925595238102
0 0.5451122685185186 0.3548324652777778 0.009716600529100505 0.008828621031746031
0 0.524745205026455 0.3553931051587301 0.0071001984126983775 0.00910912698412697
0 0.5255861441798941 0.36590352182539687 0.010276785714285697 0.011351190476190487
0 0.5362367724867725 0.3651326884920635 0.013640211640211675 0.007006944444444441
0 0.5509047619047619 0.3647124255952381 0.009716269841269831 0.008408482142857165
0 0.5573511904761905 0.35833593750000003 0.009529761904761958 0.010510664682539639
0 0.5672542989417989 0.3621197916666667 0.012145502645502626 0.007707837301587306
0 0.5799603174603174 0.36050806051587303 0.01289285714285715 0.008968998015873031
0 0.5755694444444445 0.35223995535714286 0.008968915343915418 0.010090029761904762
0 0.5717389219576721 0.3443921130952381 0.010276785714285697 0.0061661706349206424
0 0.5904242724867725 0.34039806547619045 0.01177182539682542 0.007707837301587306
0 0.5909847883597883 0.3462838541666666 0.013640211640211675 0.0068668154761904465
0 0.610511078042328 0.3441117311507937 0.01420072751322754 0.007007192460317446
0 0.6178916997354498 0.3389265873015873 0.012145171957671952 0.005605654761904777
0 0.5901438492063492 0.3591067708333333 0.008968915343915196 0.008128224206349233
0 0.5996734457671957 0.36099863591269843 0.012332341269841174 0.009950148809523829
0 0.5680018187830688 0.3698529265873016 0.015508928571428493 0.008828869047619037
0 0.5436173941798942 0.3730487351190476 0.008221560846560783 0.008603422619047674
0 0.5169907407407408 0.3755987103174603 0.01289285714285715 0.00770783730158725
0 0.5054059193121694 0.38218526785714285 0.009155753968253966 0.009109126984127025
0 0.4994265873015873 0.39045349702380955 0.009903439153439164 0.010790922619047572
0 0.4869074074074074 0.3994224950396825 0.014761243386243406 0.0077075892857143
0 0.47158548280423285 0.3981612103174603 0.009903108465608434 0.010510416666666689
0 0.47999371693121695 0.4057988591269841 0.011771825396825364 0.010650793650793633
0 0.46233614417989416 0.4161820436507937 0.01046395502645503 0.010650793650793633
0 0.4641112764550265 0.4344702380952381 0.014014219576719611 0.007427579365079373
0 0.6098569775132275 0.3707765376984127 0.008782076719576759 0.01121130952380961
0 0.6240578703703704 0.3739296875 0.013640211640211675 0.005465525793650783
0 0.5977114748677248 0.37308878968253967 0.011024140211640221 0.009109126984126914
0 0.588929398148148 0.3752610367063492 0.008034722222222235 0.008688740079365043
0 0.5806144179894179 0.37697259424603174 0.010463624338624355 0.011151537698412706
0 0.5689361772486772 0.3772230902777778 0.011398148148148102 0.008128224206349177
0 0.5591263227513228 0.38247829861111104 0.017564153439153407 0.009669890873015896
0 0.5406278108465609 0.385140873015873 0.01046395502645514 0.00854861111111116
0 0.5301638558201058 0.3866825396825396 0.011211309523809443 0.008548611111111104
0 0.5171775793650794 0.38715190972222224 0.011398148148148213 0.007049355158730175
0 0.5092364417989419 0.39396143353174606 0.014201058201058214 0.00884548611111119
0 0.5111984126984127 0.4051810515873016 0.014013888888888992 0.009109126984127025
0 0.5054057539682539 0.412328125 0.012519179894179944 0.00966964285714289
0 0.5366104497354497 0.39768340773809524 0.012519179894179944 0.009809771825396885
0 0.5522126322751322 0.3983841765873016 0.010463624338624355 0.0103705357142857
0 0.5642647156084656 0.39985565476190477 0.013266865079365031 0.009109126984127025
0 0.565479332010582 0.39144729662698413 0.014948082010582064 0.007707589285714245
0 0.5768773148148147 0.38794370039682535 0.010463624338624355 0.010510416666666689
0 0.6003273809523809 0.3866825396825397 0.010650793650793577 0.010230158730158756
0 0.6083622685185186 0.3811469494047619 0.008782076719576648 0.008968998015873031
0 0.6225631613756615 0.38843427579365075 0.01177182539682542 0.00840823412698416
0 0.609389880952381 0.39088665674603174 0.014201058201058214 0.00966964285714289
0 0.5949087301587301 0.39447941468253966 0.011398148148148213 0.007147321428571385
0 0.6076147486772487 0.40267757936507936 0.010650793650793688 0.012332341269841285
0 0.6224695767195767 0.4000148809523809 0.015322089947089945 0.007287202380952318
0 0.5976180555555555 0.4025374503968254 0.010463624338624355 0.007847718253968239
0 0.5765970568783069 0.40611111111111114 0.00990310846560849 0.009949900793650768
0 0.5886491402116402 0.4096845238095238 0.01345370370370369 0.01233234126984123
0 0.5989259259259259 0.4202969990079365 0.008221560846560894 0.008968998015872975
0 0.6099503968253968 0.4151819196428571 0.009342592592592625 0.010510664682539639
0 0.5676279761904761 0.4165968501984127 0.01289285714285715 0.009529513888888896
0 0.5816421957671958 0.42143167162698414 0.01289285714285715 0.008548363095238043
0 0.5469808201058202 0.41729761904761903 0.014201058201058214 0.013453373015873016
0 0.5360535714285715 0.408819072420635 0.012138227513227462 0.007987847222222177
0 0.5225029761904763 0.4100803571428571 0.016816798941798994 0.009109126984127025
0 0.5240912698412699 0.42007564484126986 0.015134920634920723 0.009298611111111077
0 0.5257729828042328 0.43803831845238095 0.015508928571428493 0.008968998015873031
0 0.5521570767195767 0.4319414682539683 0.012594576719576644 0.009389384920634902
0 0.5401425264550265 0.4399878472222222 0.010837301587301562 0.01039335317460316
0 0.5324816468253968 0.4505099206349206 0.012706018518518492 0.006726686507936508
0 0.5299591600529101 0.4644920634920635 0.01588260582010581 0.009032738095238024
0 0.5412858796296296 0.4711639384920635 0.008782076719576759 0.009389384920634902
0 0.559317294973545 0.47065104166666666 0.013827050264550222 0.0064910714285714155
0 0.5588501984126983 0.44432700892857147 0.013266534391534468 0.009249255952380964
0 0.5770684523809524 0.44292571924603175 0.016816798941798994 0.007847966269841244
0 0.5807121362433862 0.43353633432539684 0.01700363756613754 0.008408482142857165
0 0.6101415343915344 0.42870151289682545 0.013827380952380897 0.006586557539682569
0 0.6221001984126984 0.416999751984127 0.013827380952380897 0.009810019841269835
0 0.6178958333333333 0.4340267857142857 0.012519179894179944 0.006867063492063452
0 0.6177519841269841 0.44210478670634923 0.013726190476190392 0.006126240079365075
0 0.6011587301587302 0.4429487847222222 0.015322089947089945 0.009249255952380964
0 0.6069512235449736 0.45114694940476185 0.011958664021163967 0.008268105158730166
0 0.5874249338624339 0.45864446924603175 0.019619708994708995 0.009529513888888841
0 0.5655631613756613 0.46309387400793656 0.01027711640211637 0.013334077380952325
0 0.5725701058201058 0.4712889384920635 0.014574735449735421 0.010230158730158756
0 0.5857433862433863 0.47766530257936507 0.012519179894179944 0.009529513888888896
0 0.5981691468253969 0.4728304811507936 0.01158498677248676 0.01051066468253975
0 0.6117159391534392 0.4591667906746032 0.01289285714285715 0.00840848214285711
0 0.6279723875661376 0.45061830357142857 0.016256283068783017 0.007287202380952373
0 0.6156398809523809 0.46627579365079364 0.014013888888888881 0.006726686507936508
0 0.6146122685185186 0.47367770337301585 0.013453373015873016 0.008128224206349233
0 0.624515376984127 0.4766907242063492 0.011958664021163967 0.011070932539682499
0 0.6026536044973545 0.4826467013888889 0.010090277777777823 0.008408482142857165
0 0.593030753968254 0.4899530009920635 0.012145502645502626 0.007147073412698324
0 0.5698735119047619 0.48247296626984126 0.01272916666666668 0.009546626984127005
0 0.5560003306878307 0.4786112351190476 0.013873015873015926 0.0076158234126984525
0 0.5437721560846561 0.48193650793650794 0.009153439153439136 0.010833829365079373
0 0.5585033068783068 0.4986701388888889 0.012585978835978784 0.009546626984126949
0 0.5755228174603174 0.4989918154761905 0.009725529100529151 0.011262896825396829
0 0.5832460317460317 0.4915905257936508 0.010011243386243374 0.010619543650793595
0 0.604842261904762 0.5002790178571428 0.015446428571428528 0.0069722222222222685
0 0.6240072751322752 0.4989382440476191 0.0131580687830688 0.011799107142857201
0 0.609848048941799 0.49121502976190473 0.011155753968253967 0.010297619047619055
0 0.6206051587301588 0.4855835813492064 0.014241402116402124 0.007187003968254002
0 0.6086324404761905 0.5078266369047619 0.017019510582010566 0.0074012896825397245
0 0.5925424933862433 0.5093820684523809 0.015160383597883631 0.007293898809523802
0 0.5647247023809523 0.5092748015873017 0.011870701058200983 0.01201388888888888
0 0.569301421957672 0.5211812996031746 0.009296626984127032 0.01201388888888899
0 0.5904685846560846 0.5210204613095238 0.014159391534391608 0.009117807539682499
0 0.6045562169312169 0.5179097222222222 0.015446428571428528 0.006757936507936435
0 0.6185008267195767 0.5166762152777777 0.013301256613756696 0.012228422619047663
0 0.6059864417989418 0.5267836061507937 0.016590608465608447 0.007401537698412675
0 0.6205241843584657 0.5266226438492063 0.005249911706349253 0.0027889384920636306
0 0.620145667989418 0.5309504921875 0.00543485449735448 0.005288995783730099
0 0.6124938822751322 0.5376418650793651 0.013014880952380903 0.012442956349206336
0 0.5789553571428572 0.5314739583333333 0.011441798941798864 0.011691964285714285
0 0.5951168981481482 0.5425760168650793 0.010583664021164063 0.012228422619047552
0 0.6304431216931217 0.5349406001984127 0.015160052910052957 0.009654017857142816
0 0.6089899140211641 0.5552188740079366 0.010011574074073937 0.011048363095238045
0 0.5987638888888889 0.5584709821428572 0.009868386243386262 0.010726686507936511
0 0.5829599867724867 0.5584319196428571 0.015160052910052846 0.008366815476190559
0 0.5206741071428571 0.5694782986111111 0.012729166666666791 0.00840997023809531
0 0.607345238095238 0.5718060515873016 0.009296296296296247 0.01126289682539694
0 0.6189298941798942 0.5673009672619047 0.015017195767195624 0.009761160714285677
0 0.6024823082010582 0.5832543402777777 0.015875330687830758 0.010405009920634867
0 0.610348544973545 0.6176868799603175 0.011012566137566182 0.009761160714285788
0 0.6049852843915344 0.6251954365079364 0.014874007936507838 0.00783035714285718
0 0.6223624338624338 0.633884052579365 0.01558928571428575 0.008903025793650765
0 0.6115643187830688 0.6389254712301587 0.010297288359788381 0.008259672619047587
0 0.564867724867725 0.6536746031746032 0.016447751322751336 0.00922470238095252
0 0.5606486441798942 0.6807300347222223 0.010869378306878286 0.00997594246031741
0 0.6089517195767196 0.6746243799603174 0.009868386243386262 0.010405009920634978
0 0.6256137566137565 0.6775205853174603 0.01687632275132278 0.011691964285714285
0 0.5978675595238095 0.7024551091269842 0.011727843915343872 0.009546626984127005
0 0.6127417328042328 0.7006315724206349 0.015160052910052846 0.009332093253968332
0 0.6298328373015873 0.7148443700396826 0.009868716931216936 0.010941220238095184
0 0.6075930886243386 0.7201783234126984 0.014588293650793616 0.0098685515873016
0 0.6318351521164021 0.7258829365079364 0.013301256613756585 0.008581349206349231
0 0.6311916335978836 0.7348396577380953 0.009439484126984143 0.008903025793650765
0 0.6229679232804233 0.7367705853174603 0.008152116402116438 0.009117559523809549
0 0.6323356481481481 0.7437428075396826 0.0131580687830688 0.008259424603174637
0 0.6153161375661376 0.7504665178571428 0.015446428571428417 0.01201388888888888
0 0.6004419642857144 0.7522070932539682 0.014301917989418045 0.00976140873015885
0 0.5814915674603175 0.7552642609126984 0.011012896825396856 0.010941220238095184
0 0.5953645833333333 0.7659518849206349 0.014731150793650727 0.008152281746031775
0 0.6151731150793651 0.7588867807539683 0.014588293650793616 0.007615823412698286
0 0.6342665343915344 0.7619439484126984 0.010726851851851849 0.009439484126984143
0 0.6265433201058201 0.7713687996031746 0.008438492063492009 0.010404761904762028
0 0.6299758597883598 0.7787165178571429 0.013015211640211799 0.007294146825396752
0 0.627473048941799 0.800983878968254 0.011727843915343872 0.009546626984127116
0 0.6132423941798942 0.8056500496031747 0.01673346560846567 0.008581349206349231
0 0.5895008267195767 0.830126240079365 0.009582341269841255 0.012228174603174602
0 0.6166749338624338 0.8188096478174602 0.01330092592592591 0.007401537698412786
0 0.5346519510582011 0.8440172371031746 0.01744874338624336 0.011477430555555612
0 0.5929332010582011 0.8625742807539682 0.012156746031746102 0.01490997023809526
0 0.6176759259259259 0.8578887648809523 0.010440476190476167 0.007508680555555536
0 0.620822585978836 0.864914558531746 0.013586970899470918 0.008473958333333309
0 0.5912885251322751 0.8808923611111111 0.014016203703703711 0.00922470238095241
0 0.6299758597883598 0.8830376984126984 0.01330092592592591 0.008152281746031775