0 0.3803998015873016 0.1735074404761905 0.014132275132275107 0.014838789682539683
0 0.47728455687830684 0.2131682787698413 0.010677579365079348 0.010418402777777808
0 0.342556712962963 0.22932998511904762 0.017586970899470866 0.011541418650793667
0 0.35810234788359785 0.270774181547619 0.017272817460317447 0.008008184523809525
0 0.3439699074074074 0.27745957341269845 0.016016534391534387 0.010183035714285693
0 0.35653191137566137 0.28152802579365077 0.010991732804232823 0.01146775793650795
0 0.36171378968253964 0.3168219246031746 0.020099537037036985 0.011070436507936487
0 0.3464823082010582 0.4184031498015873 0.012247685185185209 0.012483382936507914
0 0.3588874007936508 0.4264114583333334 0.018842923280423307 0.010127976190476173
0 0.39500330687830687 0.43076897321428576 0.011933862433862519 0.011777033730158759
0 0.36972205687830684 0.42947346230158734 0.011620039682539607 0.0063596230158730616
0 0.3643832671957672 0.4392482638888889 0.014760582010582002 0.007537202380952346
0 0.3744328703703703 0.44466567460317463 0.010363756613756603 0.0065952380952380985
0 0.3491001984126984 0.43424503509424606 0.009766534391534298 0.0074241163194444515
0 0.347239914021164 0.4446426091269841 0.008526124338624319 0.009650297619047565
0 0.38948396164021165 0.4546417410714286 0.011471891534391543 0.010115327380952444
0 0.39025925925925925 0.4655127728174603 0.011781746031746088 0.007208581349206378
0 0.4015760582010582 0.46731498015873013 0.01085185185185178 0.011743055555555548
0 0.3921193783068783 0.4794649057539683 0.009301587301587366 0.011859375000000005
0 0.37723710317460313 0.48551091269841273 0.012091931216931251 0.008138888888888862
0 0.36522271825396824 0.47724764384920637 0.010386574074074062 0.01251016865079363
0 0.35747156084656084 0.48242447916666664 0.012556878306878294 0.007208581349206322
0 0.33979877645502643 0.4846918402777778 0.010696759259259225 0.00802256944444446
0 0.3459996693121693 0.48155257936507934 0.010076719576719573 0.009417658730158707
0 0.3518131613756614 0.49370262896825395 0.008991402116402147 0.010464285714285704
0 0.3710360449735449 0.4999546130952381 0.007751322751322787 0.008254960317460314
0 0.3974677579365079 0.49745486111111115 0.011626653439153423 0.011161706349206268
0 0.38560846560846557 0.5015824652777778 0.013952380952380938 0.010347966269841247
0 0.39134441137566134 0.5090235615079366 0.012401785714285685 0.006394841269841245
0 0.40506398809523814 0.5126278521825397 0.0150373677248678 0.008952628968253995
0 0.4220391865079365 0.5022800099206349 0.01085152116402116 0.011045634920634928
0 0.42668998015873016 0.48826971726190477 0.012401785714285685 0.010929315476190471
0 0.4325810185185185 0.4776312003968254 0.013642195767195775 0.008254960317460314
0 0.40800942460317463 0.48398363095238095 0.013797288359788329 0.007092261904761921
0 0.41723346560846564 0.47014769345238094 0.013021825396825393 0.010115327380952444
0 0.42777513227513225 0.45935057043650795 0.013021825396825393 0.008836557539682544
0 0.4442852182539683 0.4572576884920635 0.017517526455026522 0.010464285714285704
0 0.4611097883597884 0.45104464285714285 0.008836640211640212 0.009650297619047676
0 0.3634672619047619 0.5122757936507937 0.011471560846560869 0.012208333333333377
0 0.3722260251322751 0.5217516121031746 0.016587632275132325 0.008603918650793574
0 0.3871084656084656 0.5223329613095238 0.013796957671957655 0.010929315476190471
0 0.41563310185185187 0.523205109126984 0.01224702380952386 0.007324900793650779
0 0.36571511243386245 0.5319040178571428 0.00945667989417992 0.009185019841269848
0 0.3547858796296296 0.5360896577380952 0.014262235449735428 0.008952628968253995
0 0.3754816468253968 0.545914310515873 0.009146494708994757 0.010929315476190471
0 0.3819151785714286 0.5399264632936508 0.008991732804232822 0.006627232142857098
0 0.4185008267195768 0.546844494047619 0.009921626984126963 0.0102316468253969
0 0.44671544312169315 0.5525416666666667 0.015502314814814788 0.007440972222222175
0 0.4368713624338624 0.5367291666666667 0.011937169312169316 0.012091765873015858
0 0.3886587301587302 0.5520290178571429 0.01689748677248676 0.009650297619047565
0 0.3692032076719577 0.5606329365079366 0.012711970899470904 0.007324900793650779
0 0.3812175925925926 0.5666788194444444 0.008836640211640212 0.009650297619047787
0 0.37346626984126985 0.5738556547619048 0.011316798941798933 0.010812996031746014
0 0.35997916666666663 0.5739138144841269 0.014417328042328037 0.006278521825396899
0 0.3588941798941799 0.5808898809523809 0.011316798941798933 0.007906250000000004
0 0.37958978174603175 0.5851707589285714 0.009921626984127019 0.009766617063492022
0 0.38749603174603175 0.5901122271825396 0.0133320105820105 0.010115327380952333
0 0.40323098544973546 0.5944722222222223 0.01658763227513227 0.007208829365079494
0 0.38338789682539687 0.6079805307539683 0.008836640211640268 0.008836557539682488
0 0.37005588624338626 0.6085037202380953 0.014417328042328037 0.009417658730158651
0 0.35749867724867723 0.613445064484127 0.011316798941798933 0.013022073412698454
0 0.41741567460317464 0.5593962053571429 0.008991402116402092 0.011045386904761978
0 0.4448551587301587 0.5662560763888889 0.01488227513227508 0.006859871031746123
0 0.44989351851851855 0.5785224454365079 0.012867063492063513 0.00837127976190477
0 0.458032242063492 0.5816615823412699 0.011161706349206324 0.01209201388888892
0 0.5059259259259259 0.5811040426587302 0.012246693121693075 0.011626736111111091
0 0.44321858465608466 0.4682233382936508 0.011781746031745977 0.007557291666666632
0 0.5569260912698413 0.16699975198412698 0.014825066137566179 0.010089285714285717
0 0.6059310515873015 0.1843984375 0.01180522486772484 0.009059771825396828
0 0.6565834986772487 0.19984126984126985 0.014276124338624352 0.008647817460317453
0 0.6594161706349206 0.22151736111111112 0.015099537037037036 0.011530753968253982
0 0.6602577711640212 0.32785205853174604 0.017342923280423417 0.008602926587301551
0 0.6552051917989419 0.3354258432539683 0.015157738095238016 0.008818452380952302
0 0.6707728174603174 0.3359430803571429 0.014884920634920529 0.010036954365079342
0 0.6692025462962963 0.3458265128968254 0.008739748677248693 0.008091021825396838
0 0.6534983465608466 0.3439830109126984 0.01119775132275136 0.007886160714285717
0 0.661760085978836 0.35393154761904766 0.017616071428571467 0.008193452380952315
0 0.6274156746031746 0.35787462797619046 0.0136560846560847 0.007886160714285717
0 0.641754298941799 0.3607423115079365 0.013109788359788266 0.010344246031745996
0 0.6454413029100529 0.37200830853174605 0.013382605820105864 0.008910466269841322
0 0.6386817129629629 0.37851202876984125 0.015430886243386288 0.009422371031746035
0 0.6571170634920634 0.37574665178571426 0.015431216931216962 0.007374255952380948
0 0.599011574074074 0.35268390376984127 0.015567460317460369 0.011266121031746013
0 0.6037228835978836 0.32508209325396825 0.015158068783068801 0.009115079365079382
0 0.6494697420634921 0.4053408978174603 0.016796626984127094 0.007886160714285717
0 0.632536541005291 0.4104107142857143 0.0159771825396825 0.0075788690476190634
0 0.6551370701058201 0.4148658234126984 0.013655753968253914 0.01116369047619048
0 0.6722749669312169 0.4119982638888889 0.017616071428571356 0.010753968253968238
0 0.6633988095238095 0.41906510416666665 0.013792328042328106 0.004404017857142839
0 0.6648326719576719 0.42500533234126986 0.01638690476190474 0.007886160714285717
0 0.6513133267195768 0.42505654761904765 0.010924933862433761 0.009217757936507975
0 0.6374527116402117 0.41911631944444444 0.014065476190476156 0.00921775793650792
0 0.6092534722222223 0.4283199404761905 0.016387235449735416 0.009115079365079382
0 0.4966798941798942 0.4081899801587302 0.011744047619047626 0.010139384920634875
0 0.49893320105820105 0.41741183035714285 0.015704365079365068 0.006239335317460348
0 0.5260400132275131 0.42519146825396825 0.015021164021164046 0.009524801587301568
0 0.5343700396825397 0.4378076636904762 0.010924603174603198 0.008500744047619024
0 0.5489816468253969 0.43831969246031743 0.013109457671957703 0.010344246031746052
0 0.5435877976190475 0.4466669146825397 0.011334325396825329 0.008193452380952426
0 0.5513032407407408 0.45414347718253967 0.00901256613756618 0.010241815476190408
0 0.5652321428571428 0.4560380704365079 0.016660052910052903 0.007476438492063531
0 0.5764819775132275 0.4395348462301587 0.013928902116402186 0.010036954365079398
0 0.6252331349206348 0.4339016617063492 0.010378306878306875 0.010241815476190408
0 0.635816302910053 0.4344651537698413 0.008057208994708964 0.008295882936507959
0 0.646809193121693 0.4323142361111111 0.012563492063492054 0.0056329365079365035
0 0.6685902777777778 0.43123883928571427 0.014338624338624317 0.009012896825396799
0 0.6580753968253967 0.442812251984127 0.013792328042328106 0.007988591269841194
0 0.6739160052910054 0.44352914186507936 0.011607142857142927 0.007374255952380948
0 0.646604332010582 0.4450467509920635 0.0072377645502645915 0.008602926587301551
0 0.6314464285714285 0.4463782242063492 0.009968915343915419 0.011470734126984128
0 0.6142402447089947 0.4406428571428571 0.010241732804232795 0.008193452380952426
0 0.6199072420634921 0.4496556299603175 0.009012896825396854 0.011675843253968254
0 0.5813296957671958 0.45142460317460315 0.009695767195767258 0.009832341269841227
0 0.5906838624338624 0.45603335813492063 0.010651455026455037 0.01065153769841276
0 0.598604332010582 0.4596692708333333 0.010105489417989388 0.011778025793650782
0 0.6113040674603174 0.4588499503968254 0.01502149470899472 0.007476686507936481
0 0.623048115079365 0.4635240575396825 0.013655753968253914 0.010753968253968238
0 0.6369770171957672 0.46014409722222216 0.009012896825396854 0.010344246031746052
0 0.645170634920635 0.4544087301587301 0.010924603174603198 0.009729662698412689
0 0.6676342592592592 0.45461359126984124 0.013519179894179834 0.01013938492063493
0 0.6129427910052909 0.47540451388888894 0.012290343915344004 0.006452380952380932
0 0.6440099206349206 0.4785282738095238 0.0195277777777777 0.00819345238095237
0 0.6494037698412698 0.4665452628968254 0.012017195767195843 0.011061259920634947
0 0.666541832010582 0.4664429563492064 0.012973214285714185 0.00798859126984125
0 0.673437996031746 0.47176872519841273 0.01502149470899472 0.006759672619047585
0 0.6684535383597883 0.480781498015873 0.016523478835978822 0.00819345238095237
0 0.6631962632275132 0.49112574404761905 0.01256316137566138 0.010856150793650765
0 0.6446243386243387 0.48907738095238096 0.012836640211640105 0.011265873015873007
0 0.6270084325396825 0.48305791170634915 0.013382605820105864 0.00850074404761908
0 0.6016086309523809 0.49032961309523815 0.015294642857142882 0.010344246031746052
0 0.5661035052910053 0.4672855902777778 0.015294312169312096 0.007886160714285717
0 0.525702876984127 0.44547036210317464 0.009791335978835969 0.007886160714285717
0 0.6371818783068783 0.49774565972222223 0.014338624338624428 0.007169394841269772
0 0.6653128306878306 0.5061440972222222 0.014065476190476267 0.009012896825396965
0 0.6423710317460318 0.5104455605158731 0.009968915343915419 0.010446676587301584
0 0.6214778439153439 0.5029177827380953 0.014611772486772479 0.008091021825396782
0 0.6299442791005292 0.5107016369047619 0.007510912698412642 0.010344246031746107
0 0.619634093915344 0.513671875 0.013109457671957703 0.005837797619047569
0 0.6147180886243386 0.5200218253968254 0.01256316137566138 0.01013938492063493
0 0.5951220238095238 0.5202265625 0.012699735449735572 0.008705605158729979
0 0.6113040674603174 0.5282152777777778 0.01502149470899472 0.0070669642857142945
0 0.6205218253968254 0.5381498015873016 0.008876322751322774 0.01116369047619059
0 0.6366357473544973 0.5294441964285714 0.010788029100529117 0.01013938492063493
0 0.6510424933862434 0.5193048115079365 0.013109457671957703 0.012392857142857094
0 0.6646301256613757 0.5258084077380952 0.010514880952380956 0.0075791170634920135
0 0.6705226521164022 0.5178709077380952 0.01102017195767191 0.011982886904761902
0 0.6513839285714286 0.5354217509920635 0.009695767195767147 0.010139632936507992
0 0.665927414021164 0.5359337797619048 0.013109457671957592 0.0097296626984128
0 0.6401178902116402 0.5416180555555556 0.009832341269841338 0.011470734126984072
0 0.628988425925926 0.5453051835317461 0.010788359788359791 0.010446676587301695
0 0.6121917989417989 0.5477631448412699 0.015704365079365012 0.009832341269841227
0 0.5809882605820106 0.547711929563492 0.015840939153439093 0.011982886904761902
0 0.5742969576719577 0.537367683531746 0.013109788359788266 0.007476438492063475
0 0.5792814153439154 0.5265114087301588 0.008603174603174613 0.0070669642857142945
0 0.5941266534391534 0.5561951884920635 0.014065476190476045 0.009934523809523865
0 0.630792328042328 0.5597519841269842 0.01666005291005279 0.007476686507936425
0 0.6434922288359788 0.5532996031746031 0.018844907407407407 0.00870535714285725
0 0.656260582010582 0.5663905009920636 0.014065476190476156 0.009115327380952443
0 0.6478621031746032 0.5685926339285714 0.00928571428571423 0.01106125992063478
0 0.6406927910052911 0.5782199900793651 0.015431216931216851 0.008398313492063325
0 0.676880787037037 0.5787832341269841 0.016796626984126983 0.009319940476190669
0 0.6671851851851851 0.5826238839285713 0.014338624338624428 0.008602926587301662
0 0.6555094246031745 0.5867718253968255 0.013928902116402075 0.008091269841269733
0 0.661517857142857 0.5978655753968254 0.01829894179894176 0.008398313492063547
0 0.6683458994708995 0.6299691220238095 0.012017195767195843 0.012085565476190552
0 0.6669118716931217 0.6411840277777777 0.01160747354497349 0.01157341269841261
0 0.6734667658730158 0.6948699156746032 0.017342923280423306 0.009115327380952443
0 0.6576259920634921 0.7225042162698413 0.013792328042328106 0.0150555555555556
0 0.6312703373015873 0.7627826140873016 0.017889219576719517 0.009320188492063508
0 0.6448579695767196 0.7703616071428572 0.013655753968254025 0.011573412698412722
0 0.6377569444444444 0.7744071180555556 0.012017195767195843 0.010036954365079231
0 0.6350939153439153 0.7839832589285713 0.020620370370370456 0.0087056051587302
0 0.6269006283068783 0.7924840029761905 0.017069775132275034 0.008091021825396894
0 0.603275958994709 0.7918183283730158 0.011880621693121651 0.013314236111111044
0 0.644448082010582 0.8040200892857143 0.010378306878306875 0.011368551587301545
0 0.6628835978835979 0.7855334821428572 0.01119775132275136 0.011675595238095249
0 0.652983134920635 0.7779544890873016 0.012972883597883622 0.014338541666666704
0 0.3535368716931217 0.694014632936508 0.012398478835978888 0.008204861111111073
0 0.35912814153439154 0.7077803819444444 0.01337070105820104 0.009116319444444465
0 0.3478240740740741 0.7475938740079364 0.013127645502645502 0.01166889880952382
0 0.4188101851851852 0.7652382192460317 0.017503306878306868 0.012945188492063497
0 0.38866517857142857 0.8309092261904761 0.011668981481481489 0.013674603174603117
0 0.3601006944444444 0.8392963789682539 0.012884589947089964 0.012215773809523767
0 0.36909556878306876 0.8827730654761905 0.01531547619047613 0.01695634920634914
0 0.4547893518518519 0.8990913938492064 0.017503306878306868 0.01166889880952382
0 0.5177531415343914 0.8343568948412698 0.011182870370370357 0.011122023809523762
0 0.5792581018518519 0.8591533978174604 0.01458630952380946 0.010757192460317477
0 0.5476547619047619 0.9042379712301587 0.012155423280423294 0.015862351190476187
0 0.548870205026455 0.9280390625 0.015072420634920647 0.010262152777777755
0 0.6166960978835979 0.9576930803571428 0.014585978835978786 0.013309771825396943
0 0.6247184193121693 0.8755546875 0.015072420634920647 0.01166889880952382
0 0.6086736111111111 0.830610863095238 0.011182539682539683 0.011486607142857097