0 0.35752496693121694 0.054633184523809525 0.01109160052910052 0.009171626984126983
0 0.3626440145502645 0.0641248759920635 0.01222916666666668 0.01066493055555557
0 0.3648287037037037 0.07404327876984126 0.01070370370370366 0.0074655257936507985
0 0.36065327380952383 0.08587152777777778 0.010522817460317524 0.008551091269841271
0 0.3703227513227513 0.08937152777777778 0.006541005291005375 0.013069444444444439
0 0.3568139880952381 0.09371502976190477 0.009669642857142835 0.011207837301587309
0 0.36136425264550265 0.10934387400793652 0.009100859788359783 0.011091517857142866
0 0.35908912037037033 0.12619444444444444 0.007394510582010627 0.008531746031746015
0 0.3576284722222222 0.13858506944444446 0.012022156084656066 0.008493055555555573
0 0.39463872354497354 0.1318467261904762 0.01592625661375663 0.00917162698412699
0 0.359942294973545 0.15123747519841269 0.009669642857142835 0.008357390873015874
0 0.3825517526455027 0.15844097222222223 0.008816468253968146 0.009734126984126956
0 0.37055539021164025 0.15877070932539683 0.008919642857142862 0.004808779761904747
0 0.3638979828042328 0.16563504464285714 0.00801488095238101 0.008531994047619063
0 0.3565295965608466 0.16743824404761903 0.00966964285714289 0.007019345238095193
0 0.410176917989418 0.1571030505952381 0.008738756613756615 0.008105406746031718
0 0.4151023478835979 0.1649950396825397 0.011970568783068736 0.006825396825396818
0 0.3718869047619048 0.18594667658730157 0.013650793650793691 0.005758928571428568
0 0.36449255952380955 0.19134709821428572 0.010807208994708994 0.006049851190476185
0 0.37064583333333334 0.19703819444444443 0.011582671957671986 0.005332341269841251
0 0.3572405753968254 0.20829439484126983 0.008247685185185205 0.008454365079365062
0 0.37003835978835975 0.2073733878968254 0.007678571428571479 0.00874528769841268
0 0.39023048941798943 0.20001463293650795 0.013935185185185162 0.006825396825396873
0 0.4499537037037037 0.21174590773809526 0.015072751322751377 0.00895858134920638
0 0.36323859126984126 0.22123772321428573 0.01336673280423284 0.007465525793650785
0 0.371770667989418 0.22631808035714285 0.010522817460317468 0.0065344742063492
0 0.38812334656084657 0.23286235119047619 0.009100529100529109 0.008958333333333346
0 0.3931003637566137 0.2466200396825397 0.011091600529100576 0.008318452380952412
0 0.3623854166666667 0.26155084325396827 0.01336673280423284 0.008318452380952357
0 0.3832885251322751 0.2910246775793651 0.01478869047619047 0.009171874999999996
0 0.36181679894179897 0.298703373015873 0.009384920634920635 0.006185515873015912
0 0.36067906746031747 0.30691530257936506 0.009385251322751365 0.007678819444444429
0 0.3788804563492063 0.3057421875 0.016779431216931207 0.007038938492063496
0 0.36906894841269844 0.32205939980158726 0.01592625661375663 0.006399057539682562
0 0.37572635582010583 0.3293793402777778 0.0060241402116402165 0.006612351190476151
0 0.36295436507936507 0.33444035218253965 0.005403439153439105 0.004362847222222299
0 0.36451851851851846 0.35558581349206353 0.015357142857142791 0.0072519841269841345
0 0.3790226521164021 0.3468406498015873 0.012513558201058261 0.005972470238095218
0 0.39139401455026457 0.3412950148809524 0.012797949735449732 0.008531994047619007
0 0.39224718915343915 0.33041679067460317 0.011660383597883628 0.00981175595238093
0 0.40362301587301586 0.34108172123015873 0.01336640211640211 0.008958581349206352
0 0.36394973544973547 0.39129377480158734 0.014219576719576743 0.010025049603174574
0 0.376036541005291 0.40206522817460316 0.008816468253968202 0.010664682539682557
0 0.37447238756613754 0.3933007192460317 0.008532076719576787 0.0060111607142857015
0 0.37694146825396824 0.38585466269841273 0.00928174603174603 0.005972222222222212
0 0.39011408730158736 0.4091040426587302 0.00966931216931216 0.008531994047619063
0 0.40742344576719575 0.3790291418650794 0.01315972222222217 0.008531994047619007
0 0.42737003968253967 0.39001401289682536 0.011375661375661372 0.008745287698412707
0 0.4256765873015873 0.37124379960317455 0.010781084656084683 0.008745039682539646
0 0.3667936507936508 0.4177135416666667 0.014219576719576743 0.0076785714285714235
0 0.37346412037037036 0.4249656498015873 0.012254960317460317 0.007252232142857196
0 0.3699219576719577 0.43424404761904756 0.01080687830687821 0.007891865079365068
0 0.3747438822751323 0.44764298115079365 0.014814484126984162 0.008318700396825363
0 0.36053687169312165 0.46310701884920635 0.010238425925925942 0.007678819444444429
0 0.363380787037037 0.47034945436507936 0.01478869047619047 0.006844742063492004
0 0.376036541005291 0.47302542162698413 0.01109160052910052 0.008745287698412707
0 0.36415641534391535 0.4781444692460317 0.01266865079365076 0.006185763888888918
0 0.3656947751322751 0.48827616567460314 0.012435846560846564 0.008105406746031774
0 0.34873462301587305 0.49584821428571424 0.0162106481481481 0.005758928571428512
0 0.3635231481481481 0.5038468501984127 0.006541005291005264 0.008105406746031718
0 0.3740846560846561 0.5062609126984128 0.011013888888888879 0.00917162698412699
0 0.3592571097883598 0.5114867311507938 0.009954034391534361 0.006399057539682507
0 0.36693584656084655 0.5172069692460317 0.01109126984126979 0.006399057539682507
0 0.3599680886243386 0.5281335565476191 0.009100859788359894 0.009171875000000052
0 0.3635229828042328 0.5398164682539682 0.014504298941798888 0.0072519841269840235
0 0.37361921296296297 0.5306447172619048 0.009100859788359783 0.008958581349206352
0 0.38783895502645505 0.5351240079365079 0.011944444444444424 0.0072519841269840235
0 0.37973363095238094 0.5370436507936509 0.007678902116402098 0.005972222222222157
0 0.3815821759259259 0.5450422867063492 0.011375992063492046 0.006612351190476096
0 0.35982589285714284 0.5609813988095238 0.012797949735449787 0.005758928571428568
0 0.36807341269841265 0.5646462053571428 0.008816137566137583 0.008667410714285673
0 0.35826173941798944 0.5733623511904762 0.013082341269841258 0.0068253968253968456
0 0.38101339285714286 0.5750590277777778 0.010807208994708994 0.00649603174603175
0 0.3606790674603174 0.5810895337301587 0.009954034391534361 0.008318452380952412
0 0.35826173941798944 0.5968153521825397 0.010238425925925942 0.007465525793650674
0 0.36153224206349205 0.6019343998015874 0.009954034391534416 0.007038938492063496
0 0.3571241732804233 0.6112904265873016 0.011944775132275098 0.007019345238095109
0 0.3628121693121693 0.6220135168650793 0.00796296296296295 0.00511929563492064
0 0.3734512235449735 0.6214802827380953 0.010574404761904799 0.007892113095238074
0 0.3569819775132275 0.6288874007936508 0.014504298941798943 0.0070386904761905456
0 0.351578373015873 0.6376326884920636 0.00654100529100532 0.00917162698412699
0 0.36349718915343915 0.6367793898809524 0.008868055555555587 0.00959846230158734
0 0.35300049603174605 0.6467947668650794 0.008816468253968313 0.007911458333333288
0 0.35356927910052915 0.6562961309523809 0.011660383597883628 0.0072519841269842455
0 0.3506301256613757 0.6637067212301588 0.009877314814814797 0.0076431051587301235
0 0.36082093253968256 0.6687041170634921 0.01050429894179894 0.010817956349206348
0 0.3672781084656085 0.6594146825396825 0.009819444444444547 0.010112599206349215
0 0.3670643187830688 0.6458333333333333 0.007111441798941798 0.00881894841269848
0 0.37382738095238094 0.6302531001984127 0.008322751322751398 0.00893675595238097
0 0.3858068783068783 0.6289009176587301 0.010389550264550185 0.0055265376984126036
0 0.38512251984126983 0.6361912202380952 0.012699404761904676 0.007878472222222266
0 0.3752450396825397 0.646656498015873 0.008309523809523878 0.009759920634920594
0 0.3862199074074074 0.653594246031746 0.010504629629629558 0.008348710317460428
0 0.3847304894179894 0.6632951388888889 0.01097486772486772 0.007996031746031695
0 0.37250132275132275 0.6715048363095237 0.011915343915343934 0.007525545634920694
0 0.3591749338624338 0.6761495535714286 0.014110449735449782 0.006232142857142908
0 0.3705348875661376 0.6796770833333334 0.011772156084656038 0.008348710317460317
0 0.38385433201058206 0.6840813492063492 0.007396494708994672 0.00905406746031745
0 0.36442708333333335 0.6904578373015873 0.012699404761904787 0.006349702380952338
0 0.355468253968254 0.6833560267857143 0.010122354497354435 0.007386656746031672
0 0.35414599867724866 0.6887655009920635 0.007660383597883569 0.003830109126984116
0 0.3517749669312169 0.6945789930555555 0.00875429894179891 0.009575148809523815
0 0.3531883267195767 0.7036287202380952 0.010487103174603163 0.010190476190476083
0 0.36372123015873015 0.6990462549603175 0.008389550264550238 0.00909647817460324
0 0.3768528439153439 0.6951820436507936 0.013678571428571484 0.007113095238095224
0 0.36732324735449734 0.704101314484127 0.013040674603174596 0.009096478174603129
0 0.35998230820105825 0.7133002232142858 0.012766865079365142 0.009028025793650696
0 0.353735615079365 0.719194568452381 0.008298611111111132 0.008617807539682554
0 0.3494039351851852 0.7279335317460318 0.007477843915343951 0.008686011904761926
0 0.3565625 0.7295283978174603 0.007751322751322731 0.009575148809523815
0 0.3585231481481481 0.7392403273809525 0.008025132275132296 0.009848710317460374
0 0.3498599537037037 0.7446309523809524 0.011490410052910016 0.010806051587301635
0 0.3425190145502645 0.7575760168650794 0.013587632275132266 0.007386656746031783
0 0.3410598544973545 0.772725322420635 0.010669312169312217 0.01005381944444439
0 0.3447792658730159 0.779039310515873 0.007243055555555544 0.00547147817460325
0 0.3503614417989418 0.771242435515873 0.008480820105820075 0.00971205357142857
0 0.34498115079365077 0.7882725694444445 0.009210317460317419 0.010122519841269995
0 0.3573377976190476 0.7804755704365078 0.01659689153439159 0.00793377976190468
0 0.3588424272486772 0.7925845734126984 0.008845568783068691 0.010601190476190347
0 0.3481727843915344 0.796482886904762 0.009757605820105764 0.007044642857142791
0 0.3357251984126984 0.8070187251984127 0.018785714285714294 0.008891121031746052
0 0.34958630952380954 0.8243163442460317 0.01167261904761907 0.009028025793650696
0 0.34580191798941795 0.8346437251984127 0.015046957671957684 0.006565724206349155
0 0.3568817791005291 0.8433298611111111 0.014955357142857173 0.009848710317460374
0 0.3672776124338625 0.8387473958333334 0.014590939153439175 0.007933779761904791
0 0.37812962962962965 0.8441505456349206 0.01167261904761907 0.009848710317460263
0 0.3789045965608466 0.8335152529761904 0.011763558201058233 0.009096478174603129
0 0.37698974867724866 0.8222643849206349 0.01085185185185189 0.011490079365079398
0 0.38720304232804237 0.8269836309523809 0.009210317460317363 0.01217410714285716
0 0.3962311507936508 0.825205357142857 0.009027777777777801 0.012721230158730168
0 0.3911243386243386 0.8363194444444444 0.015593915343915354 0.007591765873015799
0 0.3902124669312169 0.8463049355158729 0.012128637566137579 0.007455109126984216
0 0.40006117724867724 0.8459255952380952 0.010669312169312106 0.01155853174603183
0 0.404073578042328 0.8373763640873015 0.01139914021164018 0.010600942460317508
0 0.41747883597883595 0.8456520337301587 0.011034391534391619 0.010874503968253957
0 0.42782919973544975 0.8440789930555556 0.011490410052910016 0.007181299603174596
0 0.3581875 0.8229420882936508 0.010122354497354435 0.007796874999999925
0 0.3588713624338624 0.8166499255952382 0.006930555555555495 0.003967013888888871
0 0.3644796626984127 0.8104944196428572 0.00957506613756609 0.0119005456349206
0 0.3531263227513228 0.8032446676587301 0.013678571428571429 0.006155505952380902
0 0.36238227513227517 0.8009192708333334 0.007204365079365116 0.007796874999999925
0 0.3737356150793651 0.7976705109126985 0.011125330687830726 0.0100538194444445
0 0.3766994047619048 0.8081349206349207 0.01194642857142858 0.009233134920634933
0 0.40218750000000003 0.8188385416666666 0.004742063492063464 0.004103670634920564
0 0.4156840277777778 0.816547371031746 0.013861441798941831 0.009233134920634933
0 0.41828306878306876 0.8288923611111112 0.011581349206349234 0.006976190476190358
0 0.42813177910052913 0.8334500248015874 0.011034060846560834 0.00971205357142857
0 0.44390806878306877 0.8453504464285714 0.01614087301587297 0.008070436507936485
0 0.46014004629629635 0.8485651041666666 0.015958664021164026 0.009164930555555562
0 0.46419824735449733 0.8355701884920634 0.01586739417989419 0.00793353174603173
0 0.44381679894179893 0.8364593253968253 0.013769841269841265 0.006429067460317461
0 0.4460896164021164 0.8306458333333333 0.011960317460317449 0.006429067460317461
0 0.4544408068783069 0.8267473958333333 0.008572089947089967 0.00916493055555545
0 0.46150793650793653 0.8197369791666667 0.010851851851851835 0.0077284226190476035
0 0.45257126322751323 0.8142312748015874 0.01377017195767194 0.008891121031746052
0 0.4597752976190476 0.8084861111111111 0.016688161375661426 0.0091646825396825
0 0.4704447751322751 0.8013046875000001 0.008480820105820186 0.00724975198412714
0 0.435791832010582 0.8068446180555555 0.014499669312169283 0.007386656746031783
0 0.4222043650793651 0.7990477430555555 0.012310846560846522 0.008343998015873044
0 0.4191036706349206 0.7913191964285714 0.012128637566137634 0.007113095238095113
0 0.3725046296296296 0.7842373511904762 0.011763888888888907 0.006976190476190469
0 0.36575628306878305 0.771789558531746 0.01085185185185189 0.010806299603174585
0 0.3607863756613756 0.7642321428571428 0.013314153439153431 0.007591765873015688
0 0.35882589285714284 0.7583844246031746 0.012675595238095305 0.006292162698412596
0 0.3717751322751323 0.7506216517857143 0.010669312169312217 0.011011656746031884
0 0.38098544973544973 0.7483988095238094 0.008480820105820075 0.009848710317460374
0 0.39201967592592596 0.7519894593253968 0.013405092592592593 0.006771081349206343
0 0.37437400793650794 0.7647450396825397 0.007842592592592568 0.010806051587301635
0 0.38480423280423276 0.7687461557539683 0.01142129629629629 0.009096478174603129
0 0.3767906746031746 0.7748673115079365 0.009392857142857147 0.0091646825396825
0 0.39343320105820107 0.7789026537698412 0.013314153439153431 0.00670262896825391
0 0.4068839285714286 0.7785605158730158 0.008663359788359859 0.009848710317460374
0 0.39297734788359795 0.7654289434523809 0.009666335978835983 0.01066939484126983
0 0.42370882936507936 0.7494589533730158 0.013496362433862485 0.01032762896825401
0 0.4223411044973545 0.7615305059523809 0.009848875661375656 0.01094295634920639
0 0.4364758597883598 0.7596496775793651 0.010031084656084599 0.010737847222222152
0 0.44878670634920637 0.7795523313492063 0.012584656084656087 0.010464285714285704
0 0.4289069113756614 0.7840663442460318 0.010760912698412783 0.011968998015872923
0 0.3748300264550265 0.7398309771825398 0.013131613756613703 0.0068395337301586645
0 0.368400958994709 0.731897197420635 0.009757605820105875 0.012447668650793609
0 0.37346213624338626 0.7156536458333334 0.010942791005290942 0.008412450396825366
0 0.38071180555555556 0.7070079365079365 0.00957506613756609 0.010395833333333382
0 0.3935699404761905 0.7010576636904762 0.007386574074074059 0.010122271825396822
0 0.38435945767195767 0.721367683531746 0.01085185185185189 0.009643601190476248
0 0.3887367724867725 0.7289252232142858 0.013040343915343922 0.007796875000000036
0 0.40223313492063495 0.708133308531746 0.009392857142857147 0.009028025793650696
0 0.4043761574074074 0.7253002232142858 0.011125330687830726 0.011900545634920712
0 0.39826636904761903 0.7363926091269841 0.010942791005291053 0.00820734126984135
0 0.4203348214285714 0.7306133432539682 0.009483796296296365 0.012105654761904727
0 0.4223411044973545 0.7020835813492063 0.01276686507936503 0.007113095238095335
0 0.4105315806878307 0.692132316468254 0.012128637566137579 0.00786532738095247
0 0.38964864417989414 0.6756152033730158 0.011399140211640235 0.007933779761904791
0 0.399999007936508 0.6685021081349206 0.01623214285714286 0.007112847222222163
0 0.40870783730158733 0.6769487847222222 0.01504662698412701 0.007181299603174596
0 0.4222954695767196 0.6649456845238095 0.016505621693121697 0.006565972222222105
0 0.4370686177248677 0.6712720734126985 0.008845568783068802 0.009506944444444554
0 0.43725099206349205 0.6908670634920635 0.008845899470899476 0.0091646825396825
0 0.44136838624338626 0.6938763640873016 0.005170634920634909 0.007796874999999925
0 0.43369444444444444 0.7004422123015873 0.010122354497354547 0.007113095238095335
0 0.43583746693121694 0.735201884920635 0.007295304232804167 0.009370039682539688
0 0.4470084325396826 0.744913814484127 0.01194609788359785 0.007181299603174596
0 0.45106646825396823 0.7532579365079365 0.007842592592592623 0.010327380952380949
0 0.4543039021164021 0.738826884920635 0.01085185185185189 0.009917162698412807
0 0.4613255621693122 0.7307905505952381 0.008845568783068802 0.00971205357142868
0 0.4825277777777778 0.8432209821428571 0.013861111111111213 0.008686011904761926
0 0.4925590277777778 0.8362447916666667 0.014955357142857173 0.006634424603174649
0 0.49233101851851846 0.8266696428571428 0.009939814814814818 0.01155853174603183
0 0.48991435185185184 0.8054207589285713 0.010760582010581998 0.008480902777777799
0 0.4610977182539683 0.7871036706349206 0.014043320105820156 0.009711805555555508
0 0.46561160714285715 0.7784176587301588 0.015046626984126954 0.009164682539682611
0 0.47482208994708996 0.7674061259920635 0.009392857142857147 0.010806299603174585
0 0.4896863425925926 0.7677139136904761 0.008845568783068802 0.009780505952381002
0 0.4769651124338624 0.755250744047619 0.012219907407407415 0.008617559523809493
0 0.4908718584656085 0.7480008680555555 0.009757605820105875 0.010669394841269941
0 0.49274123677248677 0.7386123511904762 0.013678902116402103 0.008754464285714247
0 0.4826645171957672 0.7188308531746032 0.009757605820105764 0.010738095238095324
0 0.4663869047619047 0.7124702380952381 0.010031084656084654 0.010601190476190459
0 0.47755787037037034 0.7033737599206349 0.009392857142857147 0.008686011904761926
0 0.48754348544973547 0.7103158482142857 0.007295304232804278 0.008891121031746163
0 0.48106861772486775 0.6925736607142856 0.012766865079365086 0.008686011904761926
0 0.47308945105820105 0.6845032242063491 0.012493055555555577 0.007181547619047657
0 0.49429150132275135 0.6685674603174603 0.012037367724867742 0.009096230158730179
0 0.5000823412698412 0.6966774553571429 0.009027777777777746 0.010874751984127018
0 0.47208647486772487 0.6640690724206348 0.007386574074074059 0.009575148809523815
0 0.4541215277777778 0.6627694692460318 0.01139914021164018 0.009985367063492068
0 0.45120337301587304 0.6547673611111111 0.009392857142857092 0.009711805555555508
0 0.43989550264550265 0.6525445188492064 0.012128306878306905 0.006223958333333224
0 0.43565525793650794 0.661812003968254 0.009666335978835983 0.008617559523809493
0 0.4094457671957672 0.6593808283730158 0.014134920634920722 0.006018601190476258
0 0.39517410714285717 0.6562347470238095 0.007477843915343896 0.009985367063492068
0 0.39923214285714287 0.6484720982142858 0.012675925925925924 0.006771081349206343
0 0.4152819113756614 0.6515280648561508 0.012858134920634867 0.007224624255952383
0 0.44614765211640206 0.6416326884920636 0.013137235449735385 0.008138888888888807
0 0.444958167989418 0.6318710317460318 0.01220403439153439 0.00726835317460317
0 0.4395739087301587 0.6188146081349206 0.006939484126984086 0.010050347222222311
0 0.4482485119047619 0.6171545138888889 0.009212632275132249 0.008704365079365006
0 0.45836805555555554 0.6229424603174604 0.010031084656084599 0.00969146825396816
0 0.4605380291005291 0.6205195932539682 0.008802248677248714 0.007537698412698357
0 0.4602131283068783 0.6146419890873016 0.007776785714285694 0.00439707341269846
0 0.44087251984126985 0.6073733878968254 0.009846230158730152 0.010678323412698365
0 0.4340104166666667 0.5985344742063492 0.008016203703703706 0.00879414682539692
0 0.4218065476190476 0.6045916418650794 0.012323412698412639 0.005114831349206317
0 0.41097850529100527 0.5981307043650794 0.008853835978835933 0.009781249999999964
0 0.39512516534391534 0.6046364087301588 0.01471660052910051 0.007537698412698579
0 0.3845963955026455 0.6145520833333333 0.0132807539682539 0.006550595238095203
0 0.37436656746031743 0.601585441468254 0.013879298941798957 0.00843526785714288
0 0.44729117063492063 0.5990973462301588 0.008016203703703706 0.009870783730158705
0 0.4538718584656085 0.5900789930555557 0.013759589947089979 0.005114831349206317
0 0.4551281415343915 0.5839321676587301 0.013161044973545033 0.00717881944444454
0 0.4682893518518519 0.5821822916666666 0.008614417989417977 0.00798660714285726
0 0.4533333333333333 0.5689911954365079 0.007896825396825347 0.009781001984127013
0 0.4210886243386243 0.5720421626984127 0.00873412698412701 0.00960168650793658
0 0.3974679232804233 0.5684527529761905 0.010749338624338578 0.0072686011904762315
0 0.38842509920634916 0.5594792906746031 0.010409060846560847 0.01247296626984118
0 0.37717824074074074 0.584829365079365 0.006580687830687881 0.010409226190476129
0 0.3684439484126984 0.5910212053571429 0.010887896825396814 0.006999255952380934
0 0.38652017195767197 0.5965846974206349 0.011826058201058254 0.008255704365079275
0 0.40403902116402113 0.5543031994047618 0.008853835978835989 0.008255704365079386
0 0.4177385912698413 0.5485601438492064 0.010648478835978858 0.008076140873015891
0 0.4718922921626984 0.5465370783730159 0.010022955357142815 0.007717013888888902
0 0.42503703703703705 0.5146362847222222 0.012802248677248773 0.006012152777777668
0 0.4422063492063492 0.5105982142857142 0.011486111111111086 0.006909722222222192
0 0.45179002595899476 0.5131556299603175 0.00691531845238097 0.006999255952380934
0 0.44091054894179893 0.5057524801587301 0.010966600529100534 0.00439682539682551
0 0.440650958994709 0.4882011408730159 0.009571759259259238 0.008435019841269875
0 0.41129794973544975 0.4661465773809524 0.00917195767195772 0.008524801587301623
0 0.3863910383597884 0.4627816220238095 0.013041335978835944 0.008076140873015891
0 0.41624289021164024 0.4429296875 0.012921626984127021 0.007089037698412626
0 0.47720304232804234 0.4146672867063492 0.013759259259259249 0.007178819444444484
0 0.456025462962963 0.45574565972222225 0.014238095238095216 0.007089037698412681
0 0.4608113425925926 0.4909217509920635 0.01160548941798939 0.008345486111111189
0 0.46535796957671954 0.4971582341269841 0.008495039682539729 0.009691468253968216
0 0.4282075066137566 0.35163653273809525 0.011007605820105737 0.01067832341269842
0 0.43688194444444445 0.3247609126984127 0.009930555555555554 0.009152777777777787
0 0.43849718915343916 0.3145107886904762 0.007896494708994672 0.01103745039682541
0 0.47071891534391536 0.3015644841269841 0.01141269841269843 0.010499007936507987
0 0.414926917989418 0.2852080853174603 0.014118386243386238 0.006909722222222192
0 0.47205803571428573 0.2802849702380953 0.012084325396825468 0.007896825396825402
0 0.49311590608465605 0.29347594246031744 0.013041335978836 0.0066403769841270055
0 0.4857576058201058 0.1503892609126984 0.012443121693121673 0.009153025793650793
0 0.4526752645502645 0.12321192956349207 0.01256283068783065 0.007268601190476204
0 0.4632640542328042 0.12406423611111111 0.00670006613756613 0.008614583333333356
0 0.4585978835978836 0.11648177083333333 0.008614417989417977 0.006371279761904769
0 0.44969841269841265 0.6240431547619048 0.007847883597883576 0.004753968253968344
0 0.48795684523809524 0.6346263640873016 0.011319113756613652 0.010753224206349166
0 0.4969365079365079 0.628514136904762 0.010262566137566098 0.007810019841269944
0 0.49029613095238095 0.5449026537698413 0.010564484126984075 0.006112351190476151
0 0.4939181547619047 0.44686445932539687 0.009055224867724865 0.006225446428571424
0 0.4790525793650794 0.34992224702380953 0.00950793650793652 0.006451636904761915
0 0.49738938492063495 0.34443253968253973 0.009960648148148121 0.007470734126984124
0 0.498823082010582 0.36128497023809525 0.014639550264550216 0.007043650793650824
0 0.505100033068783 0.8504645337301588 0.016299272486772487 0.010639880952380998
0 0.5634307208994709 0.8454275793650794 0.01282837301587314 0.0071309523809522934
0 0.5819937169312169 0.846091488343254 0.009507936507936465 0.00897277728174617
0 0.5907519351851852 0.8432203621031746 0.008592690476190379 0.009734374999999962
0 0.603650958994709 0.8376493707837301 0.010564484126984075 0.008199274305555448
0 0.6176109457671959 0.8379005456349207 0.009809854497354498 0.006338789682539647
0 0.6176111111111111 0.8434468005952381 0.011922619047619154 0.00747048611111123
0 0.6375325727513228 0.8396550099206349 0.009809854497354498 0.008941964285714255
0 0.6307410714285715 0.8327503720238095 0.012828042328042355 0.00916840277777764
0 0.6135362103174603 0.8305997023809524 0.009809854497354387 0.00486706349206345
0 0.5865968915343915 0.8295809771825398 0.01267724867724862 0.00984747023809518
0 0.5778434193121693 0.8304299355158731 0.009055224867724698 0.00860243055555554
0 0.5471311177248677 0.8398813244047619 0.013733796296296341 0.008715525793650869
0 0.5367177579365079 0.8302601686507938 0.009809854497354498 0.012563988095238066
0 0.5477349537037037 0.8303167162698413 0.011319113756613652 0.006112103174603201
0 0.5068356481481482 0.8315617559523809 0.016450396825396896 0.007696924603174504
0 0.5062318121693121 0.8399379960317459 0.013431878306878253 0.007017857142857076
0 0.5284925595238096 0.8221104910714285 0.010564484126984075 0.008942212301587316
0 0.5077410714285715 0.8187714533730159 0.018865079365079418 0.00860243055555554
0 0.5049489087301587 0.8085842013888889 0.011469907407407387 0.007244295634920572
0 0.510306712962963 0.8014532490079365 0.008904431216931186 0.010866319444444494
0 0.550602347883598 0.8211483134920635 0.013733796296296341 0.008149801587301608
0 0.6156489748677249 0.8218275049603174 0.01162070105820101 0.007244295634920683
0 0.6312693452380953 0.8236385168650794 0.010564484126984186 0.011545386904761923
0 0.6456820436507937 0.8231857638888889 0.013733796296296341 0.009055059523809583
0 0.6574540343915344 0.8196768353174604 0.008602513227513153 0.007696924603174615
0 0.6546618716931216 0.8127721974206349 0.010564484126984186 0.00747048611111123
0 0.6542845568783069 0.8050187251984127 0.01162070105820101 0.0066783234126983615
0 0.6336838624338624 0.8035472470238096 0.011771825396825308 0.007357390873015901
0 0.6222895171957672 0.8066599702380952 0.010413690476190451 0.008375992063492044
0 0.6123288690476191 0.8045659722222223 0.01162070105820101 0.004640873015873015
0 0.6008587962962963 0.804226314484127 0.012828042328042355 0.006225446428571368
0 0.5889361772486773 0.8078407738095238 0.010413359788359777 0.010768353174603007
0 0.5527152777777777 0.8088673115079364 0.012828042328042355 0.0071309523809524045
0 0.5426792328042328 0.8131684027777777 0.007847883597883687 0.010073908730158787
0 0.5285679563492063 0.8062073412698413 0.009809854497354498 0.008828869047619037
0 0.5663735119047619 0.8041440972222222 0.014488425925925807 0.007810019841269944
0 0.565208664021164 0.7949756944444444 0.008668650793650756 0.011884920634920637
0 0.585766865079365 0.7927684771825396 0.011621031746031796 0.009055307539682533
0 0.5961049933862435 0.7954849950396825 0.0075459656084656546 0.01041344246031739
0 0.6108950066137566 0.7882409474206349 0.013884589947089854 0.006791418650793579
0 0.6201767526455026 0.7871088789682539 0.008300595238095232 0.009507936507936576
0 0.6304679232804233 0.7842227182539683 0.0118650793650793 0.008262896825396715
0 0.6504361772486773 0.7823549107142858 0.0096587301587302 0.009507936507936576
0 0.6590386904761905 0.7873919890873016 0.011771825396825308 0.009168402777777862
0 0.6538318452380952 0.7957114335317461 0.006791335978835855 0.010187251984126955
0 0.5457810846560847 0.7900261656746032 0.008888227513227598 0.010300347222222284
0 0.5247195767195767 0.7858381696428571 0.010262566137566154 0.010526537698412719
0 0.5023834325396825 0.7919505208333333 0.013583002645502606 0.00803645833333333
0 0.5084955357142857 0.7802352430555556 0.009809854497354498 0.009508184523809637
0 0.5150608465608466 0.7729910714285714 0.01177182539682542 0.005433035714285772
0 0.5340767195767195 0.7798391617063491 0.00935714285714273 0.00803645833333333
0 0.5454710648148149 0.7702745535714286 0.013129960317460276 0.008149801587301608
0 0.5527906746031745 0.7626908482142858 0.013281084656084574 0.007923363095238112
0 0.5553564814814815 0.7776884920634921 0.010866402116402107 0.012790674603174623
0 0.5681846891534392 0.776726314484127 0.009960648148148121 0.009055307539682533
0 0.5779943783068784 0.7766130952380952 0.010866402116402107 0.007696924603174615
0 0.5847858796296297 0.7836875 0.014790013227513277 0.008262896825396826
0 0.6062166005291005 0.7814237351190476 0.007244047619047622 0.0075835813492064474
0 0.6370796957671958 0.776726314484127 0.007394841269841357 0.00928149801587308
0 0.643795634920635 0.7700481150793651 0.007546296296296218 0.010187003968253894
0 0.6640944113756613 0.7727647569444445 0.01071527777777781 0.006791418650793579
0 0.6578313492063492 0.7617852182539683 0.01177182539682542 0.007017857142857187
0 0.6340613425925925 0.7612192460317461 0.008904431216931186 0.007696924603174615
0 0.6336840277777778 0.7687465277777777 0.012375330687830699 0.0053199404761905544
0 0.6102450396825397 0.7740102926587302 0.011001984126984166 0.009575644841269826
0 0.6003298611111112 0.7712599206349207 0.008828373015873026 0.010187003968254005
0 0.5908900462962963 0.7719729662698412 0.01005125661375661 0.011001984126984166
0 0.6048121693121693 0.7628556547619048 0.014804894179894168 0.007436507936507963
0 0.5195820105820106 0.7652496279761904 0.013582671957671932 0.007945684523809615
0 0.5151676587301588 0.7584753224206349 0.012631613756613702 0.005602926587301549
0 0.5011097883597884 0.7537384672619047 0.013039021164021058 0.007334573412698497
0 0.5368316798941799 0.7583225446428572 0.0051613756613756445 0.008760664682539665
0 0.5741835317460318 0.7585262896825397 0.011952380952380937 0.006112103174603201
0 0.5917048611111111 0.7561324404761904 0.012767526455026434 0.0066215277777776915
0 0.6062382605820107 0.755062748015873 0.01005125661375661 0.007742063492063522
0 0.6233521825396826 0.7555212053571427 0.013582671957672043 0.008455109126984106
0 0.6479365079365079 0.7546042906746031 0.007062830687830646 0.008251240079365174
0 0.657172619047619 0.7506315724206349 0.007062830687830646 0.009270089285714267
0 0.6408055555555556 0.7452833581349206 0.012903439153439167 0.010186755952380944
0 0.6213148148148149 0.7476263640873015 0.009236111111111112 0.007334573412698386
0 0.6111278108465609 0.7496127232142857 0.012767526455026434 0.007843998015872988
0 0.5951684854497354 0.7475647321428571 0.008828373015872915 0.011328869047618984
0 0.6014842923280423 0.7397315228174604 0.014125992063492077 0.0072328869047619815
0 0.6152025462962962 0.738509052579365 0.013854166666666612 0.0070290178571428275
0 0.6242276785714286 0.7341287202380953 0.007756944444444525 0.005806547619047642
0 0.5815861441798942 0.7420235615079365 0.010186838624338668 0.007538194444444479
0 0.572146164021164 0.7465058283730158 0.011952380952380937 0.010186755952380944
0 0.5534702380952381 0.7527707093253968 0.01181679894179899 0.007843998015872988
0 0.545863921957672 0.7487977430555556 0.011273478835978956 0.011511160714285706
0 0.527120205026455 0.749459945436508 0.009915013227513314 0.011205605158730148
0 0.5087159391534392 0.7439081101190477 0.013582671957671932 0.0066212797619048525
0 0.5166617063492064 0.7384580853174603 0.014804894179894168 0.0069270833333333615
0 0.5028753306878307 0.7339759424603174 0.012224206349206457 0.008557043650793683
0 0.6471215277777778 0.738569320436508 0.013854166666666612 0.008149553571428547
0 0.6338784722222222 0.7320204613095238 0.008285383597883667 0.01106026785714298
0 0.6260008267195767 0.7276184275793651 0.009372023809523844 0.009066220238095224
0 0.6022314814814815 0.7305217013888889 0.009915343915343988 0.009779513888888869
0 0.594285548941799 0.7250208333333332 0.013582341269841258 0.008557043650793683
0 0.5749305555555555 0.7280259176587301 0.015076719576719522 0.0066212797619047414
0 0.5728931878306878 0.7359207589285713 0.012631613756613702 0.007334573412698386
0 0.5534704034391534 0.7425931299603175 0.011273478835978956 0.005399057539682506
0 0.5517045304232804 0.7331192956349206 0.011816468253968204 0.01028869047619041
0 0.5332323082010582 0.7299104662698412 0.014261574074074024 0.0071309523809524045
0 0.5398877314814815 0.7208950892857142 0.012088293650793558 0.007843750000000038
0 0.5119079034391534 0.7202838541666667 0.012360119047619134 0.010085069444444428
0 0.5214637896825397 0.7100969742063492 0.009275462962963 0.007436507936507963
0 0.5242000661375661 0.6976181795634921 0.010050925925925935 0.009575644841269826
0 0.5367637235449736 0.7039339037698412 0.006926917989417913 0.009575644841269826
0 0.5456603835978835 0.7087218501984127 0.013039021164021114 0.009575644841269826
0 0.5618234126984127 0.7101989087301588 0.015484126984126934 0.007436507936507963
0 0.5732328042328043 0.7174471726190477 0.014940476190476226 0.007640376984127006
0 0.5602615740740742 0.7179565972222223 0.006655423280423345 0.009473710317460249
0 0.5898034060846561 0.7351214037698413 0.01059424603174608 0.0067234623015872685
0 0.639515376984127 0.724068576388889 0.010866071428571544 0.008251240079365174
0 0.6529996693121694 0.7269122023809524 0.011816798941798878 0.0064176587301586485
0 0.6543581349206349 0.7200362103174602 0.011816798941798878 0.007742063492063411
0 0.632354332010582 0.715553943452381 0.016163029100529136 0.008149553571428658
0 0.615666832010582 0.7172766617063493 0.009137896825396785 0.008982390873015889
0 0.6039684193121694 0.7127137896825397 0.010186838624338668 0.00947371031746036
0 0.5940309193121693 0.7125100446428572 0.013673611111111095 0.007640128968253945
0 0.5696734457671957 0.7007424355158729 0.011952711640211722 0.0065195932539682255
0 0.5928996362433863 0.699571056547619 0.013582341269841258 0.007640128968253834
0 0.6126914682539683 0.6979040178571428 0.007742063492063522 0.010017857142857078
0 0.6216388888888889 0.7073859126984128 0.011137566137566002 0.007436507936507852
0 0.6273019179894179 0.7018497023809525 0.011001984126984055 0.008964285714285647
0 0.6220965608465608 0.6948721478174603 0.009507936507936465 0.010526041666666819
0 0.6384419642857143 0.7021150793650793 0.008563161375661377 0.010228174603174489
0 0.6527103174603175 0.7057617807539682 0.009236111111111112 0.007130704365079454
0 0.6478885582010582 0.6919076140873016 0.011001984126984166 0.00977951388888898
0 0.6546798941798941 0.6862539682539682 0.011001984126984166 0.010084821428571367
0 0.6392251984126984 0.6876506696428571 0.0088287037037037 0.011816716269841265
0 0.6107458664021164 0.6876097470238096 0.012088293650793669 0.0064010416666667735
0 0.6216527777777778 0.6816438492063492 0.012088624338624343 0.009066468253968285
0 0.5726889880952382 0.6910837053571429 0.014399801587301586 0.006961061507936517
0 0.5361109457671958 0.6872471478174604 0.0130393518518519 0.006010168650793735
0 0.5173670634920635 0.6781298363095238 0.012767857142857109 0.008149553571428547
0 0.5099368386243386 0.6716490575396825 0.013175264550264632 0.007436507936507852
0 0.5389355158730158 0.6744169146825396 0.014125661375661402 0.008353174603174529
0 0.5538761574074074 0.6701049107142858 0.011409060846560792 0.006723214285714207
0 0.5669573412698412 0.6679048859126984 0.013371693121693062 0.006391121031745883
0 0.5756471560846561 0.6637166418650793 0.009125661375661398 0.009141617063492036
0 0.5924341931216932 0.6614888392857142 0.008149470899470823 0.009372023809523844
0 0.5805140542328042 0.6778236607142857 0.009372023809523733 0.008862599206349131
0 0.5772566137566137 0.6837931547619047 0.01371825396825388 0.006989087301587205
0 0.5666731150793651 0.6810091765873016 0.006926917989418024 0.010312499999999947
0 0.5960188492063492 0.6769060019841271 0.012631613756613813 0.006843253968254026
0 0.6191091269841269 0.6738919890873016 0.011409391534391466 0.007130704365079343
0 0.6074599867724868 0.6664712301587301 0.007062830687830757 0.010038690476190326
0 0.6174353505291006 0.6577672371031746 0.01358234126984137 0.0067234623015872685
0 0.626535548941799 0.6621475694444444 0.009779431216931256 0.007742063492063522
0 0.633646164021164 0.6698756200396825 0.008149470899470934 0.01171502976190475
0 0.6394049272486773 0.6779017857142857 0.012360119047619023 0.0069270833333332504
0 0.6471661706349207 0.6700817212301587 0.012767526455026434 0.009473958333333421
0 0.5465727513227514 0.6533152281746032 0.015267195767195818 0.009681051587301592
0 0.5652405753968255 0.6501402529761905 0.01013194444444443 0.009784970238095214
0 0.5648242394179894 0.6403033234126985 0.009577050264550246 0.010097222222222202
0 0.5476137566137567 0.6299977678571429 0.014018518518518541 0.0075992063492063
0 0.5436580687830688 0.6423851686507936 0.008605158730158768 0.010513888888888934
0 0.5785649801587301 0.6263024553571429 0.013185515873015863 0.008327628968253897
0 0.5905013227513227 0.6329645337301587 0.014851190476190435 0.006662202380952387
0 0.5790505952380952 0.6405634920634921 0.01165873015873009 0.007078373015872996
0 0.5996617063492063 0.6458722718253969 0.013185185185185189 0.007286706349206362
0 0.5798834325396824 0.6522743055555555 0.010548611111111161 0.01113839285714291
0 0.6258244047619047 0.6491514136904761 0.011936507936507912 0.009680803571428531
0 0.6013966600529101 0.6556052827380952 0.01027083333333334 0.00843179563492058
0 0.6365115740740741 0.6563340773809523 0.011936507936508023 0.006558035714285704
0 0.6444229497354497 0.6479021577380952 0.01138095238095238 0.009056299603174667
0 0.6374831349206349 0.6393143601190476 0.009715608465608483 0.006245783730158716
0 0.6481010251322752 0.6370243055555556 0.01013194444444443 0.009368551587301654
0 0.6163169642857143 0.6398111359126984 0.009021494708994715 0.008640128968254057
0 0.6118754960317461 0.6339817708333333 0.00818882275132271 0.011138144841269848
0 0.6179446097883599 0.6318998015873015 0.00965244708994717 0.008639880952380885
0 0.6257992724867725 0.6291933283730158 0.009210978835978878 0.007807291666666605
0 0.6328334986772487 0.6267470238095239 0.01013194444444454 0.008744047619047568
0 0.6397038690476191 0.6245091765873015 0.010548611111111161 0.00801537698412691
0 0.6464102182539682 0.6211259920634921 0.010459986772486718 0.007078373015872996
0 0.6059768518518518 0.6252684771825396 0.008882936507936479 0.007745783730158662
0 0.6107652116402116 0.6200850694444444 0.012352513227513184 0.007911210317460338
0 0.6194399801587301 0.6093111359126984 0.013046626984126952 0.006141617063492033
0 0.606046130952381 0.6096232638888889 0.011242394179894144 0.009472718253968226
0 0.6075729166666667 0.6033255208333332 0.013185515873015863 0.007494791666666667
0 0.630821097883598 0.5989534970238095 0.011658730158730202 0.009368799603174605
0 0.6441453373015873 0.6114971478174603 0.012491732804232658 0.004892609126984082
0 0.5038113425925926 0.6064058779761905 0.007217261904761907 0.0057254464285715345
0 0.513457671957672 0.606562003968254 0.012630291005291006 0.007078373015872996
0 0.5074895833333333 0.6122352430555555 0.016793981481481368 0.006974454365079263
0 0.5078364748677249 0.6179084821428572 0.01721064814814821 0.007078373015872996
0 0.5123472222222223 0.6250389384920635 0.01374074074074072 0.008639880952380885
0 0.5046443452380953 0.6325859375 0.006384589947089903 0.004580109126984144
0 0.509849041005291 0.631492931547619 0.006245701058201103 0.0030186011904761445
0 0.5047136243386243 0.6252992311507937 0.00680092592592596 0.007494791666666556
0 0.5368445767195766 0.5971082589285714 0.008882936507936479 0.006245783730158827
0 0.5550266203703704 0.5975246775793651 0.012491732804232769 0.0068702876984128025
0 0.589239417989418 0.5954946676587302 0.009576719576719461 0.009889136904762008
0 0.6181023478835979 0.5910091765873016 0.009438161375661447 0.008848214285714251
0 0.6371172288359788 0.5927786458333333 0.012213955026454948 0.006974454365079263
0 0.6335780423280424 0.5836703869047619 0.014018518518518541 0.007911210317460338
0 0.6243482142857142 0.5797147817460317 0.008050264550264585 0.009368551587301543
0 0.610260582010582 0.5815363343253969 0.011519841269841291 0.0069744543650793744
0 0.5979771825396826 0.5757069692460317 0.012491402116402206 0.009680803571428642
0 0.5711898148148149 0.5769562251984127 0.012769179894179916 0.005517113095238058
0 0.5471089616402116 0.5832539682539684 0.01013194444444454 0.010617559523809494
0 0.5263592923280422 0.5847113095238095 0.008327711640211732 0.008327876984126958
0 0.5243467261904762 0.576539806547619 0.012075066137566148 0.0069744543650793744
0 0.5178234126984127 0.5591558779761905 0.009854497354497394 0.009889136904761897
0 0.5389895833333334 0.5533784722222221 0.009438161375661336 0.009993055555555519
0 0.5445854828042328 0.5712828621031747 0.007028108465608529 0.009784970238095325
0 0.5796302910052911 0.5621225198412698 0.010409391534391577 0.01040972222222214
0 0.5982982804232804 0.5676917162698412 0.01360185185185181 0.005100694444444387
0 0.6129409722222222 0.5698776041666667 0.01013194444444454 0.00551711309523828
0 0.620713458994709 0.5648810763888888 0.008188822751322822 0.007807291666666716
0 0.6380848214285715 0.5671190476190475 0.006106812169312081 0.006453869047619132
0 0.6436638558201059 0.5652973710317459 0.005774801587301592 0.00801537698412702
0 0.6467595899470899 0.5583230406746031 0.012352513227513184 0.00759895833333335
0 0.6275975529100529 0.5563687996031746 0.008558862433862391 0.007078373015872996
0 0.6184148478835978 0.5486656746031746 0.008327711640211732 0.007911210317460338
0 0.6005102513227514 0.5457511160714286 0.0091607142857143 0.007078621031746168
0 0.592599041005291 0.5297203621031745 0.012213955026455059 0.007078621031746057
0 0.608282738095238 0.5325308779761905 0.011936507936507912 0.00520461309523812
0 0.605645667989418 0.5233705357142857 0.01027083333333334 0.007911210317460338
0 0.6152223875661376 0.5268056795634921 0.012213955026455059 0.006245783730158716
0 0.6268118386243386 0.5291999007936508 0.012908068783068827 0.007286706349206362
0 0.6225090939153439 0.5209761904761905 0.014295965608465577 0.007286706349206362
0 0.6408300264550264 0.5267535962301587 0.009854497354497282 0.0057254464285714235
0 0.6257013888888889 0.540077876984127 0.012630291005291006 0.007182539682539679
0 0.6356946097883598 0.5478329613095239 0.00818882275132271 0.009993303571428691
0 0.6430507605820106 0.5359140625 0.014018187830687756 0.006141617063492033
0 0.564146164021164 0.5091046626984127 0.008605158730158768 0.009472718253968226
0 0.6023839285714285 0.506554191468254 0.012352513227513184 0.007494791666666778
0 0.6406911375661376 0.5095730406746032 0.013740740740740831 0.005621279761904852
0 0.6381235119047619 0.4985766369047619 0.009160383597883626 0.00957688492063491
0 0.6464512235449735 0.4996696428571429 0.0080499338624338 0.008848214285714306
0 0.6374988425925926 0.4913421378968254 0.011242394179894255 0.00759895833333335
0 0.6144591600529101 0.48967646329365083 0.01040972222222225 0.009264632936507922
0 0.5941951058201058 0.4891040426587302 0.011797619047619001 0.00978497023809527
0 0.6151531084656084 0.48030791170634923 0.007911375661375564 0.007598958333333405
0 0.6207048611111111 0.47541530257936504 0.008466600529100532 0.008431795634920636
0 0.6370132275132274 0.47338554067460314 0.010548280423280487 0.006037450396825406
0 0.6400666335978836 0.4810364583333333 0.01249173280423288 0.007390873015873101
0 0.5149434523809524 0.49455952380952384 0.012630291005290895 0.009472718253968226
0 0.50564417989418 0.4975262896825397 0.007911375661375675 0.009993055555555519
0 0.6427037037037038 0.4659474206349207 0.012769179894179916 0.007078373015873052
0 0.6336820436507936 0.45741158234126983 0.0080499338624338 0.009784970238095214
0 0.6490188492063492 0.45808804563492067 0.016516534391534332 0.008015376984126965
0 0.6417321428571429 0.45158221726190473 0.00888293650793659 0.011242311507936475
0 0.6276445105820105 0.4474182787698413 0.008466269841269858 0.005621279761904796
0 0.6130710978835978 0.4548091517857143 0.011519841269841291 0.0056212797619047405
0 0.5026600529100529 0.4482748015873016 0.011658730158730257 0.008015376984126965
0 0.5089059193121692 0.4417687251984127 0.014989748677248671 0.008952132936507984
0 0.5381914682539684 0.4337012648809524 0.009993386243386193 0.008431795634920636
0 0.612307705026455 0.4328685515873016 0.009438161375661336 0.008223710317460275
0 0.6100176917989418 0.4413003472222222 0.009299272486772425 0.008639880952380996
0 0.6394247685185186 0.4402593005952381 0.011832341269841229 0.007598958333333294
0 0.6203578042328042 0.3924319196428571 0.011936507936508023 0.00759895833333335
0 0.5725431547619048 0.38102405753968255 0.013740410052909935 0.005413194444444436
0 0.527087962962963 0.37816133432539684 0.01387962962962963 0.0069744543650793744
0 0.5788583002645502 0.3697296626984127 0.008605489417989554 0.006558035714285759
0 0.5510300925925926 0.3578390376984127 0.01346296296296301 0.006453869047619021
0 0.5546456574074075 0.3465446428571428 0.008174955026455044 0.009264384920634916
0 0.5676159060846561 0.35596527777777776 0.014434854497354488 0.008119543650793648
0 0.614667328042328 0.3597648809523809 0.008605158730158768 0.006349702380952393
0 0.6202885251322752 0.35471614583333333 0.01040972222222225 0.008952132936507928
0 0.6341694775132276 0.3438144841269841 0.008185515873015858 0.006453869047619021
0 0.5416613756613757 0.3176297123015873 0.01138095238095238 0.011034226190476226
0 0.6171656746031746 0.30059573412698415 0.010548280423280487 0.008744047619047679
0 0.6316001984126984 0.30491579861111107 0.009715608465608372 0.008640128968254002
0 0.6422873677248677 0.3156897321428571 0.00693981481481476 0.007911210317460282
0 0.6474227843915343 0.3062170138888889 0.008049933862433911 0.008744047619047679
0 0.6187615740740742 0.2878962053571429 0.010687169312169398 0.0106178075396825
0 0.5943339947089947 0.25972867063492067 0.012630291005290895 0.009472718253968282
0 0.5669914021164021 0.25613740079365077 0.008466269841269858 0.00624553571428571
0 0.5124451058201058 0.2600338541666667 0.009298941798941751 0.006780505952380944
0 0.5456691468253969 0.23609895833333333 0.010860780423280425 0.007390873015873017
0 0.5763601190476191 0.23625496031746032 0.009715608465608483 0.011658730158730146
0 0.6057843915343915 0.2365673363095238 0.012769179894179916 0.009160466269841294
0 0.6194556878306878 0.2595204613095238 0.01124206349206347 0.009056299603174611
0 0.6227174272486773 0.2669113343253968 0.004163690476190474 0.004268105158730107
0 0.5259080687830688 0.22414921292162698 0.009854497354497505 0.00403589955357142
0 0.5277819113756614 0.21888058035714286 0.007495039682539617 0.007703125000000033
0 0.5329867724867725 0.22705195932539685 0.005690476190476246 0.006141617063492061
0 0.5379140211640211 0.22189930555555554 0.005829365079365045 0.006245535714285738
0 0.5576921296296297 0.22351388206845238 0.009298941798941751 0.007388406498015865
0 0.611475033068783 0.2169547371031746 0.013046626984126952 0.0078072916666666325
0 0.6266036706349207 0.21013640873015874 0.007495039682539617 0.009368551587301599
0 0.6407605820105821 0.20576450892857143 0.01360185185185192 0.007078621031746057
0 0.6202190806878307 0.19332973710317458 0.009438161375661447 0.009576636904761932
0 0.6303510251322751 0.19457886904761906 0.008327711640211621 0.009576884920634937
0 0.6470757275132275 0.18786470734126984 0.010409391534391577 0.009680803571428587
0 0.6300041335978837 0.17869010416666667 0.015128637566137582 0.007703125000000033
0 0.6111974206349207 0.169203125 0.008882936507936479 0.00843154761904763
0 0.5579697420634921 0.16174496391369048 0.011520171957671965 0.007331693700396824
0 0.615291832010582 0.15277021329365081 0.010964616402116434 0.008952132936507956
0 0.6334052579365079 0.15084437003968254 0.014295965608465577 0.00780729166666666
0 0.6469589947089947 0.14697867063492065 0.009854497354497505 0.008639880952380913
0 0.6384925595238096 0.16379005456349208 0.015128637566137582 0.008327628968253953
0 0.6287075066137566 0.14272495039682542 0.013046626984127063 0.007286706349206334
0 0.6214902447089947 0.11784598214285714 0.007495039682539728 0.010409722222222223
0 0.5570896164021164 0.11454327876984127 0.014434523809523814 0.010617807539682556
0 0.627736111111111 0.08373090277777777 0.01387962962962963 0.008119543650793648
0 0.6307895171957671 0.0722282986111111 0.010548611111111161 0.011346478174603172
0 0.6394641203703704 0.06364050099206349 0.012075066137566148 0.011866815476190472
0 0.6435585317460317 0.06056956845238095 0.008605158730158768 0.007598958333333336
0 0.6230863095238095 0.05307477678571429 0.008744047619047679 0.006141617063492054
0 0.6183673941798942 0.05640587797619048 0.010409391534391466 0.007598958333333329
0 0.6157996031746031 0.06151360181051588 0.011658730158730202 0.008417736855158738
0 0.631136574074074 0.042509052579365075 0.011519841269841291 0.007703124999999998
0 0.6402969576719577 0.04792199900793651 0.008744047619047568 0.009368799603174605
0 0.6377986111111111 0.03943812003968254 0.005135582010582063 0.0046842757936507926
0 0.6455710978835978 0.04131187996031746 0.011519841269841291 0.008847966269841273